 Processed Msisdns are as :: 
 72462743, 
74480554, 
72452965, 
74480482, 
74480484, 
74480486, 
72451501, 
72453092, 
72451413, 
72462591, 
72453204, 
72453120, 
72453039, 
72451451, 
72463037, 
72463049, 
72462853, 
72463092, 
72462768, 
72462753, 
72462888, 
72462707, 
74384519, 
72463152, 
72463155, 
72463320, 
74384631, 
74384635, 
74384655, 
74384663, 
74384670, 
74384680, 
74384675, 
74384697, 
74384703, 
74384699, 
74384704, 
74480463, 
74480534, 
74480494, 
74480476, 
74480501, 
72451459, 
72451153, 
72451409, 
72453112, 
72453160, 
72451148, 
74480490, 
72451229, 
72451150, 
72451498, 
72453260, 
72453061, 
72453217, 
72453086, 
72453085, 
72451412, 
72451362, 
72462672, 
74480527, 
72453023, 
72451457, 
72451320, 
72462532, 
72462785, 
72463022, 
75012992, 
74384515, 
72462860, 
72462912, 
72462506, 
72463497, 
74384628, 
74384618, 
74384646, 
74384647, 
74384645, 
74384667, 
74384671, 
74384702, 
74480459, 
74480468, 
74480479, 
74480539, 
74480495, 
74480546, 
74480470, 
74480507, 
72453009, 
72451470, 
72453030, 
72453095, 
72451381, 
72451126, 
72451447, 
72453220, 
72451283, 
72451275, 
72453034, 
72453100, 
72453190, 
72462640, 
72462621, 
72451312, 
72451325, 
72462904, 
72353432, 
72463005, 
72463074, 
72462949, 
72463405, 
72463411, 
72463386, 
74384643, 
74384641, 
74384630, 
74384656, 
74384638, 
74384659, 
74384679, 
74480466, 
74480517, 
74480480, 
74480493, 
72353308, 
74480533, 
72451341, 
72451429, 
72451252, 
72453281, 
72451258, 
72451297, 
72451467, 
72453138, 
72451223, 
72451463, 
72451264, 
72451281, 
72453124, 
72462627, 
72453068, 
72451490, 
72451322, 
72462920, 
72462930, 
72462946, 
72463039, 
72353431, 
74480537, 
72462933, 
72462758, 
72462929, 
72463472, 
74384614, 
74384665, 
74384669, 
74384684, 
74384700, 
74384707, 
74480456, 
74480460, 
74480467, 
74480491, 
74480481, 
74480510, 
72451309, 
72452992, 
72452989, 
72451339, 
72451347, 
74480488, 
72451165, 
72451329, 
72451295, 
72453119, 
72453082, 
72453079, 
72462746, 
72451499, 
72462830, 
72462956, 
72353428, 
74384513, 
72462944, 
72462898, 
72462517, 
72354883, 
72354950, 
72354805, 
72354810, 
72354829, 
72354825, 
72354809, 
72354961, 
72354880, 
72354863, 
72354864, 
72354860, 
74386819, 
74386837, 
74386824, 
74386859, 
74386842, 
74386853, 
74386851, 
74386773, 
74386864, 
74386751, 
74386746, 
74386745, 
74386760, 
74386790, 
74386908, 
74386920, 
74386697, 
74386913, 
74386617, 
74386628, 
74386661, 
74386873, 
74386640, 
74386865, 
74386847, 
74386774, 
74386769, 
74386766, 
74386871, 
74386879, 
74386736, 
74386624, 
74386625, 
74386734, 
74386809, 
74386934, 
74386675, 
74386663, 
74386704, 
74386686, 
74386848, 
74386731, 
74386893, 
74386726, 
74386613, 
74386930, 
74386945, 
72455333, 
74386979, 
72455393, 
72455350, 
72455392, 
74386944, 
74386978, 
74386949, 
74386982, 
72455385, 
72455375, 
72455403, 
74386997, 
74386994, 
72354876, 
72354877, 
72354867, 
74386836, 
74386826, 
72354807, 
74386805, 
74386813, 
74386655, 
74386646, 
74386896, 
74386623, 
74386681, 
74386622, 
74386870, 
74386810, 
74386627, 
74386682, 
74386648, 
74386763, 
74386728, 
74386762, 
74386688, 
74386723, 
74386910, 
74386744, 
74386619, 
72455345, 
72455356, 
72455327, 
72455411, 
74386946, 
74386943, 
74386950, 
72354827, 
72354811, 
72354806, 
72354803, 
72354960, 
72354868, 
72354875, 
72354873, 
74386827, 
72354817, 
74386833, 
74386861, 
74386849, 
74386921, 
74386748, 
74386616, 
74386673, 
74386653, 
74386915, 
74386703, 
74386649, 
74386647, 
74386845, 
74386863, 
74386671, 
74386714, 
74386738, 
74386634, 
74386611, 
74386615, 
74386928, 
74386618, 
74386970, 
74386974, 
72455348, 
72455404, 
72455407, 
74386952, 
74386975, 
72354813, 
72354823, 
72354822, 
72354861, 
74386840, 
74386823, 
74386862, 
74386892, 
74386895, 
74386800, 
74386752, 
74386666, 
74386656, 
74386702, 
74386706, 
74386700, 
74386733, 
74386650, 
74386874, 
74386907, 
74386791, 
74386933, 
74386767, 
74386711, 
74386709, 
74386629, 
74386689, 
74386962, 
74386632, 
74386715, 
74386749, 
74387040, 
74386976, 
74386965, 
74386923, 
74386998, 
72455388, 
74386939, 
74386951, 
72455325, 
72354812, 
72354814, 
72354954, 
72354881, 
72354859, 
72354838, 
72354855, 
72354871, 
72354854, 
72354830, 
74386821, 
74386841, 
74386828, 
74386765, 
74386799, 
74386918, 
74386620, 
74386816, 
74386897, 
74386710, 
74386778, 
74386684, 
74386919, 
74386911, 
74386757, 
74386793, 
74386707, 
74386779, 
74386626, 
74386672, 
74386658, 
74386956, 
74386698, 
74386737, 
74386643, 
74386730, 
74386729, 
72455399, 
74386931, 
74386948, 
74386973, 
72455331, 
74386984, 
72455417, 
74386991, 
74387000, 
72455394, 
72455415, 
74386941, 
72354952, 
72354824, 
72354839, 
72354862, 
74386830, 
74386835, 
74386852, 
74386855, 
74386795, 
74386787, 
74386797, 
74386781, 
74386668, 
74386741, 
74386699, 
74386614, 
74386645, 
74386912, 
74386904, 
74386636, 
74386856, 
74386693, 
74386899, 
74386720, 
74386692, 
74386739, 
74386612, 
74386964, 
74386986, 
74386963, 
74386947, 
74386977, 
74386999, 
74387003, 
72354953, 
72354804, 
72354879, 
72354865, 
72354853, 
74386831, 
74386832, 
74386820, 
72354840, 
74386858, 
74386906, 
74386860, 
74386905, 
74386917, 
74386815, 
74386796, 
74386630, 
74386803, 
74386788, 
74386808, 
74386806, 
74386900, 
74386743, 
74386869, 
72455336, 
74386929, 
72455422, 
74386983, 
72455409, 
72455351, 
72457285, 
75085779, 
75085777, 
75085783, 
72457303, 
72457246, 
72457257, 
72457268, 
72457271, 
72457288, 
75085803, 
75085765, 
75085781, 
75085768, 
75085774, 
75085785, 
72457266, 
75085778, 
75085830, 
72457251, 
75085764, 
72457282, 
72457276, 
72457298, 
72457279, 
72457267, 
75085802, 
72457250, 
75013091, 
72457269, 
75085763, 
75085814, 
75085818, 
75085808, 
72354111, 
72354172, 
72354196, 
72354135, 
74382491, 
74382485, 
74382006, 
74382476, 
72354150, 
74382020, 
74382440, 
74382457, 
74382460, 
74382445, 
74382451, 
74382458, 
72354168, 
72354184, 
74382441, 
74382309, 
72354149, 
72354132, 
74382478, 
74382008, 
74382493, 
74382004, 
74382474, 
74382010, 
74382465, 
72354101, 
72354119, 
74382021, 
72354117, 
74382456, 
74382301, 
74382306, 
72354176, 
72354164, 
72354197, 
74382005, 
74382477, 
74382014, 
74382002, 
74382490, 
74382496, 
72354109, 
74382468, 
74382462, 
72354181, 
72352839, 
74382447, 
72354169, 
74382007, 
72354157, 
72354195, 
72354198, 
72354148, 
72354180, 
72354174, 
74382015, 
74382470, 
74382016, 
72352840, 
74382500, 
74382442, 
74382454, 
72354160, 
74382452, 
74382018, 
72354199, 
72352836, 
74382489, 
74382492, 
74382495, 
72354100, 
74382488, 
74382444, 
74382003, 
72354185, 
74382009, 
74382303, 
72352841, 
72354134, 
72352842, 
72354194, 
72354175, 
74382011, 
74382482, 
74382471, 
74382463, 
74382449, 
72354159, 
72354156, 
72354173, 
74382304, 
74382499, 
74382475, 
72352835, 
72354136, 
72354129, 
74382469, 
74382001, 
74382494, 
74382450, 
72354182, 
74382307, 
74382310, 
72354167, 
72354183, 
74382305, 
75013204, 
75085671, 
75085673, 
72161600, 
72105238, 
74389999, 
72525437, 
72353799, 
74381422, 
74381015, 
74381444, 
74381307, 
74381302, 
74381435, 
74381432, 
74381427, 
74381414, 
74381430, 
74381306, 
74381402, 
74381308, 
74381431, 
74381311, 
74381358, 
72357282, 
74381401, 
74381495, 
72352806, 
72357280, 
72357316, 
72357324, 
74381313, 
74381349, 
72357303, 
72357286, 
72357412, 
72357233, 
72357297, 
72357429, 
72357441, 
74381367, 
72357242, 
72357326, 
72357323, 
72357325, 
72357241, 
72357337, 
72357330, 
72357329, 
72357433, 
72357328, 
72357294, 
72353279, 
74386345, 
72357468, 
74386352, 
74386354, 
72357346, 
72357450, 
72357244, 
72357399, 
72357435, 
72357397, 
72357400, 
72357409, 
72357403, 
74386132, 
72353276, 
72357491, 
74386151, 
72357493, 
72357439, 
72357408, 
74386182, 
74386218, 
74386537, 
74386114, 
74386541, 
74386146, 
72357251, 
74381373, 
72357488, 
74386122, 
74386525, 
74386216, 
74381371, 
74386127, 
72357515, 
74386136, 
74386535, 
72357372, 
72357490, 
72357378, 
74386375, 
74386369, 
74386367, 
74381220, 
74381372, 
74386406, 
74386549, 
74386587, 
74386561, 
74386190, 
74386116, 
74386394, 
74386222, 
72357459, 
74386382, 
72357505, 
74386157, 
74386173, 
74386579, 
74386591, 
74386594, 
74386385, 
74386158, 
74386553, 
74386383, 
72357502, 
74386350, 
72357238, 
72357484, 
74386559, 
74388833, 
74386194, 
74388928, 
74388674, 
74388814, 
74388756, 
74388757, 
74386529, 
74388655, 
74388552, 
74388805, 
74388944, 
74388663, 
74388664, 
74388665, 
74386175, 
74388667, 
74388668, 
74386563, 
74388759, 
74388653, 
74388798, 
74386568, 
74388452, 
74388457, 
74381375, 
74388881, 
74381376, 
72357367, 
74388660, 
74386566, 
74388923, 
74388472, 
74386228, 
74388848, 
74388479, 
74381417, 
74388486, 
74386570, 
74388484, 
74388777, 
74388857, 
74388819, 
74388462, 
74388924, 
74388818, 
74388842, 
74388761, 
74388909, 
74388477, 
74388884, 
74388908, 
74388474, 
74381378, 
74388831, 
74386301, 
74388536, 
74388866, 
74388491, 
74388874, 
74386162, 
74388509, 
74388869, 
74386169, 
74388827, 
74480816, 
74388511, 
74388538, 
74480837, 
74480785, 
74480787, 
74388919, 
74381333, 
74480606, 
74480833, 
74386168, 
74388792, 
74388688, 
74388530, 
74388828, 
74386574, 
74480824, 
74480831, 
74386577, 
74386166, 
74480814, 
74480845, 
74388922, 
74480840, 
74386423, 
74480608, 
74388794, 
74480838, 
74480843, 
74388915, 
74388795, 
74480791, 
74386257, 
74386436, 
74480792, 
74388902, 
74388895, 
74386596, 
74388515, 
74388701, 
74381339, 
74480884, 
74386260, 
74480795, 
74386329, 
74386412, 
74386592, 
74386206, 
74386207, 
74386202, 
74386213, 
74386425, 
74388800, 
74388901, 
74480557, 
74388703, 
74388480, 
74480774, 
74388582, 
74480796, 
74386246, 
74481374, 
74388718, 
74481402, 
74480886, 
74482033, 
74480572, 
74482047, 
74481394, 
74481376, 
74480894, 
74481344, 
74388589, 
74480653, 
74480680, 
74480898, 
74480802, 
74386331, 
74480642, 
74480565, 
74381245, 
74386200, 
74386254, 
74388732, 
74481345, 
74482025, 
72357482, 
74386330, 
74480618, 
74480573, 
74481436, 
72423564, 
74388514, 
74386476, 
74481419, 
74481379, 
74480561, 
74480555, 
74481363, 
74481355, 
72353317, 
74481414, 
74480628, 
74480651, 
74481396, 
74481420, 
74481390, 
74480601, 
72428845, 
72428265, 
72428962, 
72428236, 
74482018, 
74481333, 
74480574, 
74386415, 
74386210, 
74481423, 
74481403, 
74480621, 
72428899, 
74480684, 
74481328, 
74480682, 
74388738, 
74481407, 
74481413, 
74481324, 
74481401, 
74381337, 
72423592, 
72425173, 
72428227, 
72428256, 
74480668, 
74480666, 
74480616, 
72425213, 
74388710, 
74481406, 
74388719, 
74480650, 
74480661, 
74481381, 
74480660, 
74480614, 
74481378, 
72429692, 
72424696, 
72425413, 
72423816, 
72428093, 
72428075, 
72429699, 
72428691, 
72428022, 
72428939, 
72428819, 
72424769, 
72427992, 
75082164, 
72429719, 
72428099, 
72425791, 
72428060, 
72423769, 
72423754, 
72427829, 
72424431, 
72423846, 
72423879, 
72426871, 
72427786, 
72428828, 
72428835, 
72427056, 
72429707, 
72428040, 
72428338, 
72424386, 
74388621, 
72425635, 
72424241, 
72423842, 
74481448, 
72423945, 
72427726, 
72429143, 
72426467, 
72429760, 
72430349, 
74388617, 
72429260, 
74388627, 
72429706, 
72426017, 
72426043, 
72429551, 
72426487, 
72426065, 
72429312, 
72429308, 
72428206, 
72424783, 
72424739, 
72424677, 
72353329, 
72429605, 
72427886, 
72430377, 
72430365, 
72429105, 
72429563, 
72427982, 
72427964, 
72427921, 
72428396, 
72427756, 
72429762, 
72430001, 
72430042, 
72429805, 
75082316, 
75082361, 
75088024, 
75082360, 
72430309, 
75082615, 
75088007, 
75087919, 
75082350, 
75082609, 
72429874, 
72430074, 
75082626, 
75082631, 
75082607, 
75082351, 
75088014, 
75088017, 
75088009, 
75082545, 
75082477, 
74480931, 
75088019, 
75082346, 
75082169, 
74480932, 
72430321, 
74386513, 
75082466, 
75082355, 
72430317, 
75082604, 
75088004, 
74386511, 
75087918, 
75082627, 
75082632, 
72429500, 
75087913, 
75082635, 
75082320, 
72429397, 
72430170, 
72430198, 
75082474, 
72430105, 
72429897, 
72429862, 
75082329, 
75082478, 
75082475, 
72429765, 
75082458, 
75082327, 
75082172, 
75082566, 
72429668, 
72429393, 
75082328, 
72429499, 
72429970, 
72429758, 
75082471, 
75082323, 
75082194, 
74388641, 
72430293, 
72428479, 
72429853, 
72430058, 
72429468, 
72429454, 
72429561, 
72430294, 
75082503, 
75082505, 
75088141, 
75082371, 
75082649, 
75082501, 
75082387, 
75082295, 
74480936, 
75088306, 
75087978, 
75088243, 
74388645, 
75088312, 
75082384, 
75082288, 
75088285, 
75082500, 
75088187, 
75088163, 
75082234, 
75088293, 
75082560, 
75088361, 
75088178, 
75088374, 
75088292, 
75088315, 
75082225, 
75087955, 
75088153, 
74388640, 
75088298, 
75088159, 
75082364, 
75088359, 
75088283, 
75088127, 
75088125, 
75082335, 
75088308, 
75088124, 
75088128, 
75088156, 
75082404, 
75087985, 
75088402, 
75088231, 
75082308, 
75088207, 
75088122, 
75088154, 
75088202, 
75082502, 
75088131, 
75088204, 
75088203, 
75088027, 
75082565, 
75082491, 
75088360, 
75088324, 
75082312, 
75087961, 
75088246, 
75082291, 
75082496, 
75087989, 
75088137, 
75082217, 
75087990, 
75088194, 
75088200, 
75088201, 
75087965, 
75082499, 
75082372, 
75088165, 
75082498, 
75082294, 
75082215, 
75088212, 
75088220, 
75087957, 
75088369, 
72718300, 
72717528, 
72717400, 
72735937, 
72715669, 
72717480, 
72718316, 
72715700, 
72715557, 
72735884, 
75088333, 
72718083, 
72718438, 
72717594, 
72717605, 
75088253, 
72715671, 
75088394, 
75088389, 
75082267, 
75082591, 
75082261, 
72735536, 
72717496, 
75088303, 
75088379, 
75082253, 
72717907, 
72735823, 
72735985, 
72735765, 
72735935, 
72735694, 
72735562, 
72715673, 
72735938, 
72735750, 
75082274, 
75088385, 
72735958, 
75088341, 
75082276, 
72715639, 
72717599, 
72735732, 
75082258, 
75088327, 
72715392, 
72735933, 
72718264, 
72718455, 
72717388, 
75088266, 
72735852, 
72735766, 
72735996, 
72718330, 
72718296, 
75088328, 
75082269, 
72736009, 
75088270, 
75082588, 
72717367, 
72715717, 
72717903, 
72735692, 
72715394, 
72735695, 
72735622, 
72717598, 
72735844, 
75082580, 
72735930, 
72735610, 
75088352, 
72353576, 
72718299, 
75088387, 
75088276, 
75088260, 
72735609, 
72717961, 
72718434, 
72718436, 
75082367, 
72735934, 
72717503, 
72353587, 
72718435, 
72717478, 
72735893, 
72717365, 
75088302, 
72735527, 
75082240, 
72735927, 
72717724, 
72717399, 
72717383, 
72735733, 
72717387, 
72735872, 
72717433, 
72735620, 
72717725, 
72735864, 
72717843, 
74381301, 
74381404, 
74381433, 
74381473, 
74381486, 
74381382, 
74381426, 
74381360, 
72352810, 
72353286, 
72357226, 
72357411, 
72357321, 
74381366, 
74381492, 
72357344, 
72357470, 
74386341, 
72353280, 
74381370, 
74381494, 
72357461, 
72357434, 
72357406, 
74386135, 
74386522, 
72357382, 
74386171, 
74386400, 
72357395, 
72357507, 
74386526, 
74386361, 
74386536, 
74386379, 
74386153, 
74386144, 
72357255, 
74386558, 
72357373, 
72357370, 
74386586, 
74386111, 
72357342, 
74386397, 
74386384, 
74386547, 
72357418, 
72353312, 
72357390, 
72357424, 
74381412, 
74388770, 
74388802, 
74388809, 
74386588, 
74388762, 
72353272, 
72353271, 
74388754, 
74381322, 
74386564, 
74388815, 
74388843, 
74388673, 
74388679, 
74388891, 
74388912, 
74386170, 
74388775, 
72357358, 
74388904, 
74386227, 
74388932, 
74388782, 
72357317, 
74388787, 
74388495, 
74388826, 
74388949, 
74388822, 
74381327, 
74480818, 
74480830, 
74480834, 
74388539, 
74388687, 
74386178, 
74388500, 
74388788, 
74480810, 
72357480, 
74386424, 
72353353, 
74388501, 
74386481, 
74480861, 
74386262, 
74480809, 
74381329, 
74388507, 
74388920, 
74480771, 
74480850, 
74388781, 
74388697, 
74480610, 
74480612, 
74388900, 
74480773, 
74388698, 
74386203, 
74388702, 
74480852, 
74480624, 
74388938, 
74481370, 
74480647, 
74481398, 
74480638, 
74482007, 
74481365, 
74388772, 
74386483, 
74388684, 
74388751, 
74481397, 
74386584, 
72428272, 
74482020, 
74481416, 
72423604, 
74480901, 
74482012, 
74386209, 
74481405, 
74481332, 
74386480, 
74388747, 
74388598, 
74480887, 
72423652, 
72428331, 
72428966, 
74482019, 
74480569, 
74480890, 
74482045, 
74482046, 
74386241, 
74480681, 
74388739, 
74482011, 
74386214, 
74480899, 
74480627, 
74480709, 
74386243, 
74480675, 
74480640, 
74388722, 
74481352, 
74481385, 
74481387, 
74388936, 
72428161, 
72428682, 
72429246, 
74481449, 
72429229, 
72428126, 
72425202, 
74481453, 
72429283, 
72426680, 
72427855, 
72430373, 
72426174, 
72429964, 
72429245, 
72430358, 
72429453, 
72429714, 
72429547, 
72430003, 
75082617, 
74480930, 
75087928, 
75082170, 
75087930, 
75087911, 
75087931, 
75082359, 
72430053, 
75082620, 
75087927, 
75087926, 
72429944, 
74480929, 
74386514, 
75082507, 
75082652, 
75082326, 
72430023, 
72429937, 
72429832, 
72429751, 
74386515, 
75082495, 
75087925, 
75082325, 
75088006, 
72429509, 
75082605, 
75082336, 
75088209, 
75082205, 
75087980, 
75082488, 
75082400, 
75088190, 
75088217, 
75088317, 
75082309, 
75082297, 
75087981, 
75088362, 
75088129, 
74480951, 
75082559, 
75082248, 
75082490, 
75082343, 
75082641, 
75082252, 
75088133, 
75082289, 
75082563, 
75087964, 
75082383, 
75088295, 
75088230, 
75088323, 
75088138, 
75088215, 
75082299, 
75082208, 
75088237, 
74388643, 
75088247, 
75082236, 
75082279, 
75082340, 
75082218, 
75082483, 
75088181, 
75082211, 
75088184, 
75088195, 
72735889, 
72735679, 
72735959, 
72715724, 
75088345, 
75088354, 
75088268, 
75088397, 
75088351, 
75082260, 
72735783, 
72715695, 
75088343, 
75088335, 
75088338, 
72735945, 
72735997, 
72715672, 
72715845, 
75082278, 
72735974, 
72735797, 
75082271, 
75082265, 
72735992, 
75082277, 
72718163, 
72715385, 
75082403, 
72735845, 
75088346, 
75082255, 
75088381, 
75088259, 
75082243, 
72735757, 
75082264, 
75088256, 
72717520, 
72715713, 
75082369, 
72735851, 
72718451, 
75088272, 
72735773, 
75088380, 
75082394, 
75088396, 
72717501, 
72718118, 
72718425, 
72718429, 
72715386, 
74381428, 
74381303, 
74381440, 
74381472, 
74381384, 
72357296, 
72357314, 
74381490, 
72353288, 
72357299, 
74381351, 
72353269, 
72357447, 
72357243, 
72357293, 
72357248, 
72357327, 
72357356, 
72357345, 
74381498, 
74386344, 
72357454, 
72357340, 
72357453, 
72353282, 
74386126, 
74386152, 
72357487, 
72357464, 
72357292, 
72357404, 
74381316, 
74386147, 
74386183, 
72357512, 
74381151, 
74386528, 
74386365, 
74386403, 
74386405, 
74386217, 
74381405, 
74386551, 
74386372, 
74386545, 
72357485, 
74386386, 
74386552, 
74386137, 
74386560, 
74386562, 
74386544, 
74386546, 
74386557, 
74386408, 
72357419, 
72357252, 
74386567, 
74386174, 
74388927, 
74388458, 
74388657, 
74388763, 
74388662, 
72357369, 
74482028, 
74388811, 
74388666, 
74386192, 
74388753, 
74381377, 
74388945, 
74388946, 
74388931, 
74386428, 
74386226, 
74386565, 
72357245, 
74388903, 
74388485, 
74381326, 
74388864, 
74388482, 
74388475, 
74388849, 
74386229, 
74388672, 
74388547, 
74388677, 
74386573, 
74386432, 
74388551, 
74386163, 
74388830, 
74388498, 
74381379, 
74386179, 
74381380, 
74386165, 
74480864, 
74480811, 
74388497, 
74480842, 
74480820, 
74388651, 
74386575, 
74480846, 
74388694, 
74388541, 
74386327, 
74480788, 
74388887, 
74386326, 
74388543, 
74388896, 
74386232, 
74388700, 
74388797, 
74480793, 
74480705, 
74480806, 
72357478, 
74480797, 
74386234, 
74480556, 
74388707, 
74388942, 
74388523, 
74388734, 
74388591, 
74388741, 
74481421, 
74481399, 
72353319, 
74388524, 
74386418, 
74386198, 
72353320, 
74480649, 
72428328, 
74481418, 
74388590, 
74480688, 
74388740, 
74481410, 
74481415, 
74481334, 
74480564, 
74480889, 
74388743, 
74482050, 
74388720, 
72425157, 
72428959, 
74388586, 
74480706, 
74481369, 
74480679, 
72428636, 
74386253, 
74388716, 
74480560, 
74388513, 
74481444, 
74481317, 
74386332, 
74388723, 
74480559, 
74388737, 
74480880, 
74388940, 
72429712, 
72425429, 
72428674, 
72428342, 
74481454, 
72429621, 
72428357, 
74388611, 
72427051, 
74388649, 
72428001, 
72425932, 
72427966, 
72427880, 
72428356, 
72428410, 
72425359, 
72429114, 
72428389, 
72429801, 
72429265, 
72429277, 
72430327, 
72429310, 
75082315, 
72427979, 
72428035, 
72429985, 
72428381, 
72425977, 
72427799, 
72428406, 
72428132, 
72424305, 
75082332, 
72430110, 
72429307, 
72429909, 
72429427, 
75082629, 
75088401, 
72429404, 
75082195, 
72353344, 
75088399, 
75082349, 
75082356, 
75082640, 
74481382, 
75087915, 
75082610, 
72429383, 
72429446, 
74386512, 
72429484, 
72429371, 
72430239, 
75087912, 
72429456, 
72430186, 
72429344, 
72430314, 
72429672, 
72429920, 
72429336, 
75082460, 
75087907, 
75088005, 
75082470, 
75087910, 
75087986, 
75082486, 
75088305, 
75088309, 
75082237, 
75088310, 
75088170, 
75088286, 
75082250, 
75088161, 
75088287, 
75088375, 
75082235, 
75082302, 
75088029, 
75082386, 
75088313, 
75082379, 
75082331, 
75082337, 
75088233, 
75088288, 
75082339, 
75088148, 
75082497, 
75082493, 
75082313, 
75082284, 
75088226, 
75087969, 
75082398, 
75088281, 
75087960, 
75088175, 
75082492, 
75082227, 
75088157, 
75082223, 
75087975, 
75088277, 
72735819, 
72735685, 
72718413, 
72735479, 
72717504, 
72735848, 
72717490, 
72717491, 
75088356, 
72735731, 
72735681, 
72736005, 
72715691, 
72715742, 
72715555, 
72735544, 
75082581, 
72715565, 
72717375, 
75088269, 
72715383, 
72717908, 
72735881, 
72735521, 
72735843, 
75088378, 
75082263, 
75088384, 
75088273, 
75088262, 
75082391, 
72715408, 
75082368, 
75082392, 
75088337, 
72718412, 
72718420, 
75088331, 
72736001, 
72718076, 
72715670, 
72715699, 
72735489, 
72353314, 
75082396, 
72715391, 
72735928, 
72735890, 
75088347, 
72717395, 
75082585, 
72717615, 
72735717, 
74381459, 
74381461, 
74381438, 
74381424, 
74381463, 
74381442, 
74381436, 
74381312, 
74381299, 
72357416, 
72357305, 
72357308, 
72357283, 
72353584, 
72357247, 
72357301, 
72357230, 
74381363, 
72357302, 
72357446, 
72357287, 
72357298, 
72357290, 
72357339, 
72357237, 
72357319, 
74381500, 
72357249, 
72357240, 
74386346, 
74386348, 
74381447, 
72357332, 
72357396, 
72357405, 
72357509, 
74386358, 
72357496, 
72357472, 
74386131, 
72357398, 
74386133, 
74386377, 
72357508, 
74386524, 
74386378, 
74386527, 
74386371, 
74386554, 
74386589, 
74386590, 
74386188, 
74386542, 
74386427, 
74386396, 
74386548, 
72357253, 
74386555, 
72357368, 
74388771, 
74388813, 
74388806, 
74386351, 
74388661, 
74388652, 
74388799, 
74388812, 
74388456, 
74388810, 
74386509, 
74388776, 
74381324, 
74388678, 
74388476, 
74388455, 
74388879, 
74388463, 
74388948, 
72353581, 
74388910, 
74386581, 
74388574, 
74386161, 
74388489, 
74388885, 
74388886, 
74388829, 
74386489, 
74388528, 
74388691, 
74480841, 
74381344, 
74388537, 
74480829, 
72353277, 
74388499, 
74388693, 
74388526, 
74388916, 
74480826, 
74480847, 
72357479, 
74388796, 
74386328, 
74480772, 
74480878, 
74386215, 
74388801, 
74386420, 
74480613, 
74388546, 
74388705, 
74481330, 
74480562, 
74481319, 
74481346, 
74480893, 
74386239, 
74386333, 
74482048, 
74481337, 
74480671, 
74388735, 
72428278, 
74480617, 
74480683, 
72424919, 
74481426, 
74480667, 
74481326, 
74480801, 
74481359, 
74386486, 
74481335, 
74481372, 
72428264, 
74386417, 
74480625, 
74480635, 
74388519, 
72428977, 
72428970, 
74480571, 
74386484, 
74388736, 
74480689, 
74481412, 
74481364, 
74481409, 
74386201, 
74386416, 
74480710, 
74480927, 
74480804, 
74388721, 
74480563, 
74388746, 
74482051, 
74481336, 
74480648, 
74481389, 
74481349, 
74388726, 
74388728, 
72428092, 
72428343, 
74481452, 
72426875, 
72423753, 
72427673, 
72425855, 
72428465, 
72428089, 
72429288, 
72424190, 
72428217, 
72428637, 
72425711, 
72424326, 
72428038, 
72424443, 
72428766, 
74481447, 
74388618, 
72426197, 
72426206, 
72429228, 
72429478, 
72429843, 
72430351, 
72430346, 
72429612, 
72430340, 
72426158, 
72429585, 
72423632, 
72427929, 
72428452, 
72428319, 
72430063, 
75087917, 
72429882, 
75082611, 
75082357, 
72429956, 
75082630, 
75088018, 
75082358, 
75082171, 
75087920, 
72430054, 
75087932, 
72353342, 
75088013, 
75082621, 
75082606, 
75088021, 
75088403, 
74480934, 
75082348, 
75082305, 
72353346, 
75082618, 
75082480, 
75087916, 
75082619, 
72429871, 
72429982, 
75082334, 
72429429, 
72429295, 
72429485, 
75087906, 
75082459, 
75088240, 
75082292, 
75082390, 
75087967, 
75088228, 
75082290, 
75082206, 
75082637, 
75087976, 
75087962, 
75088318, 
75088376, 
72353348, 
75087954, 
75088227, 
75087987, 
75088142, 
75088123, 
75082247, 
75088134, 
75088213, 
75087973, 
75082283, 
75088028, 
75088251, 
75088196, 
75082281, 
75082311, 
75082212, 
75082399, 
75082556, 
75088245, 
75087971, 
75082378, 
75088185, 
75088250, 
75087983, 
72718075, 
75088348, 
72735581, 
72717609, 
72718449, 
72718084, 
75088284, 
75082241, 
72717633, 
72735529, 
72735940, 
72715697, 
75088349, 
72735474, 
75082232, 
75088258, 
72717507, 
72717380, 
72735947, 
72718167, 
72717727, 
72735953, 
72715668, 
72735584, 
72715550, 
75082380, 
72735686, 
72353582, 
74480941, 
72715546, 
72735693, 
72718082, 
72718098, 
72718094, 
72718335, 
75088257, 
72735575, 
72717593, 
72735723, 
72735660, 
72735586, 
72717600, 
72715626, 
75088355, 
75088392, 
75082586, 
72717601, 
72717516, 
72717409, 
72717382, 
72735653, 
74381448, 
74381305, 
74381408, 
74381425, 
74381455, 
74381475, 
74381365, 
74381497, 
72357306, 
74381399, 
72357276, 
72357232, 
72357309, 
72357318, 
74381357, 
74381499, 
72357229, 
72357430, 
72357284, 
74381491, 
72357428, 
72357463, 
72357426, 
72357401, 
72353270, 
74386112, 
72357449, 
72357451, 
72357465, 
74386130, 
74386370, 
74386374, 
74386128, 
74386491, 
72357440, 
74386145, 
72357489, 
74386364, 
74386523, 
74386123, 
74386366, 
74386531, 
74386286, 
72357457, 
74386124, 
74386533, 
74386539, 
74386148, 
74381219, 
74386407, 
74381319, 
74386172, 
72357483, 
74381374, 
72357422, 
72357254, 
74386373, 
74386392, 
74386186, 
74386187, 
74386139, 
74386409, 
74386141, 
74381317, 
74388943, 
74388752, 
74386159, 
74388656, 
74388760, 
74388658, 
74388807, 
74386225, 
74388764, 
74388929, 
74388930, 
74388659, 
74388454, 
74388532, 
74388675, 
74388461, 
74388460, 
74388911, 
74388779, 
74388860, 
74386156, 
74388468, 
74386309, 
74388906, 
72353357, 
74386160, 
74386176, 
74388549, 
74388820, 
74388488, 
74388905, 
74388685, 
74480819, 
74386164, 
74480825, 
74386177, 
74480823, 
74388531, 
74388789, 
74480605, 
74388505, 
74480790, 
74388695, 
74480786, 
74388504, 
74480609, 
74480800, 
72353359, 
74386233, 
74386285, 
74386413, 
74480883, 
74388542, 
74386196, 
74386284, 
74386244, 
74481357, 
74388742, 
74481347, 
74480897, 
74482049, 
74480891, 
74480702, 
74482030, 
74386242, 
74386249, 
74386199, 
74388709, 
72353574, 
74480670, 
74386580, 
74388935, 
74480859, 
72423481, 
72423557, 
72428317, 
72423474, 
74388749, 
74388713, 
72425076, 
74480900, 
74481395, 
74388748, 
74482053, 
74388914, 
72428262, 
74482021, 
74482024, 
74386236, 
74386251, 
74480622, 
74480754, 
74482017, 
72428873, 
72428974, 
74388650, 
74386490, 
74481361, 
74388937, 
74386212, 
74480799, 
74481341, 
74388583, 
74482031, 
74481368, 
74480919, 
74480643, 
74388745, 
74481386, 
74481380, 
74386334, 
74480703, 
74386433, 
74388725, 
72425585, 
72427657, 
74481350, 
72429738, 
72429660, 
72423859, 
72428363, 
72426627, 
74481393, 
72426248, 
72429720, 
72429734, 
72424724, 
72428711, 
72424154, 
72429136, 
72430354, 
72430362, 
72429311, 
72429604, 
72430342, 
72429314, 
72429588, 
72429691, 
72428197, 
72429666, 
72430370, 
72428211, 
72429573, 
72429293, 
75088015, 
75082628, 
75082347, 
75087929, 
75088020, 
75082546, 
75087937, 
75087909, 
72429773, 
72430229, 
75082321, 
72429976, 
72429838, 
74481443, 
75087905, 
75082651, 
72425279, 
75082319, 
72429380, 
72430237, 
75082457, 
75082472, 
75082612, 
75087923, 
75082363, 
75082324, 
75082362, 
75082322, 
75082464, 
75082506, 
75087904, 
75088198, 
75082210, 
75088199, 
75088155, 
75082484, 
75082485, 
75088289, 
75082389, 
75088319, 
74480937, 
75088162, 
75088294, 
75088236, 
74388642, 
75088296, 
75087991, 
75088314, 
75088291, 
75082504, 
75082639, 
75088320, 
75088132, 
72353349, 
75088130, 
75088299, 
75088229, 
75082287, 
75082382, 
75088234, 
75088158, 
75088244, 
75088191, 
75082214, 
75088186, 
75088223, 
75082300, 
75088364, 
75082246, 
75082293, 
75082221, 
75082373, 
75088325, 
75082341, 
75088152, 
75082557, 
75088176, 
75088160, 
72735571, 
72735951, 
72715710, 
72735718, 
72717498, 
72735702, 
72715400, 
72735952, 
75088326, 
75082273, 
72735607, 
72715633, 
72717499, 
75082275, 
72735483, 
72715445, 
75088290, 
75082366, 
75082397, 
75082259, 
72735942, 
75082590, 
72735727, 
72353585, 
75082401, 
72718458, 
75088252, 
72735838, 
72715873, 
72735828, 
72735708, 
75088340, 
72717959, 
75082270, 
72718166, 
72715704, 
72717968, 
72715756, 
72735944, 
75088271, 
75088255, 
72735756, 
72715741, 
72718096, 
72717477, 
72718329, 
75088336, 
72735547, 
72718090, 
72717475, 
72718307, 
75088398, 
72718174, 
72718079, 
72718304, 
72717407, 
72718073, 
72735874, 
72717620, 
72353800, 
74381421, 
74381002, 
74381434, 
74381454, 
74381411, 
74381487, 
74381474, 
72357313, 
72357315, 
72357278, 
74381419, 
72353285, 
72357311, 
72357445, 
74381346, 
74381361, 
74381396, 
72357277, 
72357281, 
72357331, 
74381315, 
72357304, 
72357347, 
72357427, 
72357343, 
74386343, 
72357469, 
74386113, 
74386353, 
72357402, 
72357338, 
74386185, 
72357471, 
72357516, 
72357425, 
74386150, 
72353275, 
74386402, 
74386540, 
74386184, 
74386404, 
74381221, 
74386426, 
74386376, 
72357310, 
74386521, 
72357381, 
72353273, 
72357455, 
74386149, 
72357250, 
74386534, 
74386401, 
74386388, 
74386310, 
74386399, 
74386390, 
74482027, 
72357460, 
74386143, 
74386538, 
72357374, 
74386395, 
74386220, 
74381224, 
74386115, 
74386398, 
74386389, 
72357320, 
74386224, 
74386181, 
74388670, 
74386223, 
72357228, 
74388892, 
74386191, 
74388765, 
74388882, 
74388750, 
74381325, 
74388473, 
74386297, 
74388821, 
72353356, 
74388951, 
74388865, 
74388947, 
74388548, 
74388786, 
72353354, 
74388490, 
74388681, 
74388534, 
74388683, 
74386431, 
74388918, 
74480821, 
72357477, 
74386578, 
74388689, 
74388790, 
74386487, 
74388540, 
74386477, 
74386435, 
74381336, 
74480839, 
74388696, 
74386434, 
74388527, 
74388516, 
74388544, 
74386422, 
74388897, 
74386204, 
74386411, 
74388545, 
74388917, 
74388704, 
74386205, 
74386499, 
74388934, 
74482026, 
74480665, 
74481383, 
74480701, 
74482022, 
74481358, 
74480739, 
74388717, 
74388724, 
74388729, 
72423471, 
74386238, 
74386479, 
74386252, 
74480678, 
74386240, 
74386488, 
74386338, 
74480798, 
74481322, 
74481373, 
74480632, 
74388518, 
74480639, 
74386485, 
74481327, 
74482034, 
74481417, 
74482054, 
74480860, 
74481400, 
74481408, 
74481360, 
74481331, 
74480685, 
72428242, 
74480896, 
74480677, 
74388594, 
74482008, 
74482029, 
74481422, 
74386336, 
74386237, 
74388727, 
74388731, 
74388711, 
74388925, 
72428943, 
74386255, 
74480687, 
74481338, 
74480634, 
74386339, 
74480707, 
74386197, 
74388708, 
74481438, 
72424848, 
72425547, 
72423778, 
72428216, 
72428821, 
72428651, 
72428426, 
72429696, 
72429218, 
72427933, 
72424756, 
72428164, 
72425381, 
72429680, 
72429715, 
72426063, 
72428728, 
72428166, 
72428770, 
72428804, 
72425594, 
72428045, 
72426479, 
72427910, 
72426093, 
75082650, 
72430336, 
72428376, 
72429710, 
72427791, 
72428169, 
72428740, 
72429663, 
72429947, 
72429905, 
75082463, 
75082616, 
75087914, 
75087933, 
75087936, 
75082479, 
75082608, 
75087921, 
75082345, 
75088400, 
75082467, 
75082167, 
72430210, 
74388626, 
75082353, 
75082645, 
72353345, 
72429852, 
72429455, 
72430238, 
75082462, 
75082461, 
75082165, 
72429351, 
72429545, 
72430242, 
75082648, 
75082307, 
75088126, 
75088166, 
75088179, 
75088232, 
75082644, 
75088311, 
74480952, 
75087988, 
72353343, 
75082285, 
75082301, 
75088011, 
75087959, 
75088167, 
75082634, 
75087968, 
75088183, 
75088210, 
75088218, 
75087956, 
75082376, 
75082296, 
75082219, 
75082338, 
75088224, 
75088193, 
75088249, 
75082286, 
75088214, 
75082385, 
75082613, 
75082224, 
75087963, 
75082207, 
75082377, 
75088382, 
75088265, 
72735891, 
72735712, 
72735645, 
75082256, 
72735863, 
75088339, 
72735565, 
72735519, 
72735825, 
75082242, 
72735482, 
72735979, 
72718170, 
72718443, 
72717592, 
72735777, 
72715401, 
75088393, 
75088261, 
72717717, 
72717635, 
75088275, 
75082268, 
72735836, 
75082262, 
75088391, 
75088280, 
75088334, 
75082344, 
72718077, 
75082395, 
75082266, 
75088373, 
72735662, 
72718102, 
72353313, 
72735643, 
72735968, 
72718313, 
72717519, 
72735670, 
72718422, 
72735556, 
72735546, 
72715441, 
75082330, 
72735667, 
72735673, 
72717410, 
75082584, 
72352804, 
72353873, 
74381304, 
74381445, 
74381423, 
72352807, 
74381429, 
74381416, 
74381477, 
74386140, 
74381389, 
74381309, 
74381364, 
72357285, 
74381406, 
72357239, 
72357322, 
72357415, 
74381362, 
74381395, 
72357307, 
72357236, 
72357227, 
72357279, 
74386347, 
72357407, 
74386356, 
72357335, 
72357432, 
74381368, 
74386532, 
74386380, 
72357458, 
74381218, 
72357492, 
74480863, 
74386357, 
74386360, 
74386342, 
72357511, 
74386530, 
74386121, 
72357421, 
74381223, 
74386550, 
72357504, 
74386142, 
72357506, 
74386155, 
74386569, 
74388453, 
74388926, 
74388654, 
74386508, 
74386195, 
74388669, 
74386134, 
74388766, 
74388768, 
74386429, 
72353316, 
74388767, 
74388680, 
74388773, 
74388774, 
74386180, 
72357350, 
72357481, 
74388890, 
74388478, 
74388550, 
74388471, 
74388877, 
74388671, 
74388950, 
74386585, 
74388535, 
74381328, 
74388502, 
74388783, 
74388907, 
74388487, 
74388682, 
74388494, 
74386299, 
74480822, 
74388791, 
74480836, 
74386582, 
74386302, 
74388690, 
74386576, 
74480815, 
72353352, 
74480812, 
74480770, 
74480789, 
74480827, 
74386256, 
74386263, 
74480808, 
74386421, 
74480877, 
74388899, 
74388699, 
74386437, 
74388525, 
74480664, 
74482023, 
74481329, 
72353318, 
74480892, 
74480633, 
74480700, 
74480674, 
72428277, 
72428266, 
74386478, 
74480631, 
74388939, 
74480615, 
74480626, 
74482052, 
74480895, 
72424842, 
72423613, 
74388712, 
74480619, 
72357476, 
72428229, 
72428849, 
72424851, 
74480888, 
74388520, 
74480807, 
74480662, 
74481428, 
74482014, 
74481425, 
74386211, 
74480686, 
74480630, 
74388714, 
74386337, 
74480637, 
72423698, 
74388508, 
74388686, 
74481377, 
74481388, 
74388733, 
74480676, 
72425264, 
72428189, 
72428146, 
72427997, 
72428818, 
72429703, 
72425371, 
72428053, 
72426568, 
72425810, 
72423648, 
72425925, 
72424321, 
72426395, 
72429189, 
72426918, 
72429317, 
72429400, 
72429256, 
72429269, 
72430012, 
72430020, 
72428119, 
72430374, 
72430347, 
72429851, 
72426620, 
72429458, 
72430090, 
72429549, 
75082456, 
75082549, 
75082198, 
75087908, 
74480933, 
75082638, 
75088016, 
75082163, 
75082352, 
75087924, 
75082547, 
75088023, 
75082317, 
75082314, 
72429876, 
72430051, 
72429965, 
72430299, 
75082354, 
72430185, 
75082602, 
72429928, 
72429443, 
75082473, 
72430228, 
72430079, 
72429835, 
75082318, 
72429290, 
75082161, 
75082636, 
75087984, 
75088242, 
75088189, 
75088182, 
75088300, 
75088192, 
75088172, 
75082249, 
75082388, 
75082481, 
75082342, 
75088171, 
75082306, 
75087982, 
75082558, 
75088377, 
75082562, 
75088135, 
75082381, 
75082489, 
75082561, 
75087922, 
75088222, 
75082375, 
75088025, 
75082487, 
75088322, 
75088026, 
75082310, 
75088208, 
75082370, 
75082298, 
75088279, 
75088316, 
75088216, 
75082564, 
75088219, 
75088221, 
75082280, 
75082647, 
75088297, 
75082374, 
75088241, 
75088164, 
75082226, 
75087972, 
75088188, 
75082209, 
75088177, 
75087970, 
75088365, 
75088330, 
72718448, 
72736003, 
72735657, 
72735688, 
72718265, 
72735887, 
72735931, 
72735859, 
75082402, 
75082365, 
72735849, 
72735991, 
72718301, 
75088366, 
72715624, 
72735939, 
75088390, 
75088254, 
72715652, 
72715679, 
72717630, 
74480939, 
72718440, 
72735738, 
75088267, 
72715398, 
72717628, 
72717517, 
72736018, 
72735729, 
72736006, 
72715559, 
72353580, 
72715443, 
75082257, 
72715650, 
72715643, 
72735497, 
72735943, 
72735854, 
75088350, 
75088368, 
72735769, 
72735561, 
72715711, 
75082393, 
72717639, 
72717487, 
72735650, 
72718445, 
75088263, 
72735648, 
72715454, 
72715562, 
72715658, 
72717614, 
72717424, 
72717521, 
72735869, 
72353215, 
72353213, 
72356477, 
72356417, 
72356416, 
72356469, 
72356465, 
72356471, 
72356509, 
72356425, 
72356498, 
72356485, 
72356514, 
74385635, 
72356427, 
72353211, 
72356428, 
72356508, 
74387326, 
74385636, 
74387312, 
72356422, 
74385705, 
74385690, 
74385704, 
74387343, 
72356434, 
74385626, 
74387344, 
74387337, 
74385688, 
74387357, 
74387368, 
74387347, 
74387372, 
74385700, 
72356455, 
74385691, 
74385701, 
74484554, 
74387398, 
74387388, 
74385697, 
74387356, 
74484525, 
74484529, 
74484532, 
74385682, 
74387400, 
74387376, 
72353414, 
74484702, 
74484703, 
74484530, 
74484544, 
74484541, 
74484697, 
74484722, 
74484716, 
74484708, 
74484542, 
74484685, 
74385654, 
74484687, 
74484679, 
74484717, 
74484728, 
74484736, 
74484749, 
74385648, 
74487511, 
74487503, 
74484732, 
74385657, 
74484739, 
72353209, 
72356476, 
72356481, 
72356502, 
72356494, 
74385631, 
74385673, 
74385622, 
74387322, 
74385710, 
74385707, 
74385638, 
72356492, 
74387315, 
74387327, 
72356432, 
74385666, 
74385683, 
72356436, 
74387341, 
74387353, 
74385663, 
72356493, 
72356438, 
74385616, 
74387339, 
74387340, 
74387365, 
74385693, 
74385665, 
74387393, 
74387346, 
74387377, 
74387348, 
74385695, 
74385698, 
74385643, 
74484553, 
74484526, 
74385671, 
74484543, 
74484700, 
74484696, 
74484657, 
74484721, 
74385651, 
74484676, 
74484660, 
74484677, 
74387360, 
74385642, 
74484538, 
74484463, 
74385647, 
74484678, 
74484457, 
74484464, 
74484662, 
74484665, 
72356475, 
72356464, 
72353216, 
72356419, 
74385633, 
74385675, 
74387319, 
74385670, 
74385611, 
74387311, 
74385684, 
74387374, 
74387359, 
74387354, 
74387370, 
74385668, 
74387379, 
74387385, 
74385681, 
74484545, 
74385641, 
74387401, 
74484527, 
74484719, 
74484715, 
74484720, 
74484655, 
74484675, 
74484694, 
74484534, 
74484729, 
72353413, 
74484741, 
74484738, 
74484666, 
74484658, 
74484469, 
74484661, 
74487496, 
74484747, 
74385661, 
74484735, 
74484748, 
72356479, 
72356503, 
74385627, 
72353217, 
74385615, 
74385676, 
72356487, 
72356430, 
74387320, 
72356490, 
74387328, 
72356491, 
74387334, 
72356454, 
74385669, 
74387366, 
74385687, 
72356433, 
74387345, 
72356439, 
72356431, 
74387364, 
74385664, 
74387332, 
74387350, 
74385699, 
74385692, 
74387378, 
74387367, 
72353214, 
74387389, 
74387384, 
74387361, 
74484531, 
74385655, 
74385660, 
74484552, 
74484686, 
74484707, 
74484693, 
74484659, 
74484740, 
74484663, 
74484727, 
74484737, 
74484746, 
74487509, 
74484730, 
74484533, 
74385678, 
72353210, 
72356466, 
74385618, 
72356511, 
72356504, 
74385640, 
74385620, 
72356507, 
72356495, 
74387325, 
74387338, 
74387336, 
74385709, 
74387316, 
74385689, 
74385685, 
74387362, 
74387383, 
74385667, 
74387373, 
74387381, 
74387390, 
74387349, 
74484535, 
74484701, 
74484710, 
74484540, 
74385613, 
74484734, 
74484733, 
74484546, 
74484539, 
74484745, 
74385696, 
72356472, 
72356467, 
72356478, 
72356505, 
72356496, 
74385625, 
72356426, 
74385623, 
72356500, 
72356497, 
72356415, 
72356468, 
72356486, 
72356489, 
74385639, 
74385677, 
74387363, 
74387333, 
74387371, 
74387410, 
74387317, 
74385652, 
74387380, 
74387394, 
74387375, 
74484680, 
74484699, 
74484705, 
74387399, 
74484656, 
74484726, 
74385656, 
72353218, 
74484456, 
74484754, 
74484474, 
72356482, 
72356423, 
72356510, 
74385674, 
74385629, 
74385619, 
74385672, 
74385634, 
72356483, 
72356424, 
74385621, 
74385614, 
72356429, 
74387321, 
74387314, 
74387329, 
74387331, 
74387330, 
74387335, 
72356437, 
74385694, 
74387369, 
74387313, 
74387351, 
74387386, 
74387382, 
74387397, 
74387396, 
74387391, 
74484551, 
74385644, 
74387392, 
74484704, 
74484536, 
74484698, 
74484695, 
74484711, 
74484688, 
74385649, 
74387409, 
74487520, 
74387387, 
74484664, 
74484537, 
74484744, 
74385645, 
74385646, 
72353291, 
74384522, 
74484564, 
74484563, 
74484620, 
74484615, 
74484618, 
74484619, 
74484629, 
74484639, 
74484604, 
74484628, 
74484633, 
74384579, 
74484573, 
74484638, 
72353424, 
72353289, 
72353294, 
72353297, 
74484556, 
74484621, 
74484622, 
74484617, 
74484624, 
74384549, 
74484630, 
74384599, 
74484555, 
74484637, 
74484626, 
72353292, 
72353295, 
72353293, 
74484557, 
74484562, 
74484623, 
74484635, 
74484584, 
74484634, 
72353296, 
74484558, 
74484561, 
74484582, 
74484636, 
74484632, 
74384587, 
72353298, 
72353290, 
72353423, 
74484616, 
74484625, 
72353240, 
74385011, 
74385015, 
74385016, 
74385012, 
72353239, 
74385013, 
