72462743
74480554
72452965
74480482
74480484
74480486
72451501
72453092
72451413
72462591
72453204
72453120
72453039
72451451
72463037
72463049
72462853
72463092
72462768
72462753
72462888
72462707
74384519
72463152
72463155
72463320
72451391
72463178
72463369
74480549
72463189
74384692
74480526
72463094
74384695
72463198
72463199
72451337
74384621
75012995
74384687
72463194
72353307
72463205
74384631
74384635
74384655
74384663
74384670
74384680
74384675
74384697
74384703
74384699
74384704
74480463
74480534
74480494
74480476
74480501
72451459
72451153
72451409
72453112
72453160
72451148
74480490
72451229
72451150
72451498
72453260
72453061
72453217
72453086
72453085
72451412
72451362
72462672
74480527
74480519
72453023
72451457
72451320
72462532
72462785
72463022
75012992
74384515
72462860
72462912
72462506
72463497
72462822
74480508
74480506
72453054
72463201
75012996
74480542
74480548
72451387
74384628
74384618
74384646
74384647
74384645
74384667
74384671
74384702
74480459
74480468
74480479
74480539
74480495
74480546
74480470
74480507
72453009
72451470
72453030
72453095
72451381
72451126
72451447
72453220
72451283
72451275
72453034
72453100
72453190
72462640
72462621
72451312
72451325
72462904
72353432
72463005
72463074
74384514
72462869
72462949
72463405
72463411
72463386
72462668
74384705
74384517
74480531
72463458
72453048
72451330
72451394
74384643
74384641
74384630
74384656
74384638
74384659
74384679
74480466
74480517
74480480
74480518
74480493
72353308
74480533
72451341
72451429
72451252
72453281
72451258
72451297
72451467
72453138
72451223
72451463
72451264
72451281
72453124
72462627
72453068
72451490
72451322
72462920
72462930
72462946
72462868
74384518
72463039
72353431
74480537
72462933
72462758
72462929
72463472
74384622
72451452
74384689
72451445
72453017
72451454
72463181
74480550
74384614
74384665
74384669
74384684
74384700
74384707
74480456
74480460
74480467
74480491
74480481
74480510
72451309
72452992
72452989
72451339
72451347
74480488
72451165
72451329
72451295
72453119
72453082
72453079
72462746
72451499
72462830
72462956
72353428
74384513
72462944
72462898
72462517
72462675
74480455
74480478
72463179
72463202
74480538
72463571
72354883
72354950
72354805
72354810
72354829
72354825
72354809
72354961
72354880
72354863
72354864
72354860
74386819
74386837
74386824
74386859
74386842
74386853
74386851
74386773
74386864
74386751
74386746
74386745
74386760
74386790
74386908
74386920
74386701
74386697
74386913
74386617
74386628
74386659
74386644
74386661
74386873
74386640
74386865
74386847
74386774
74386769
74386766
74386871
74386879
74386736
74386624
74386625
74386734
74386809
74386934
74386675
74386663
74386704
74386686
74386705
74386848
74386731
74386893
74386726
74386613
72455359
74386930
74386945
72455333
74386979
72455393
72455350
72455392
74386944
74386978
74386949
74386982
72455385
72455375
74386940
72455403
74386997
74386994
74387018
74387107
74387049
74387092
74387009
74387073
74387032
74387052
74387017
72455368
74387067
74386936
74387061
74387084
74387070
72354819
74387057
74387022
74387024
72354874
74387059
72352857
74387033
74387055
74387093
74387064
74387069
74387027
74387007
74387029
74387004
74387083
72354876
72354877
72354867
74386836
74386826
72354807
74386805
74386813
74386655
74386646
74386896
74386621
74386623
74386681
74386622
74386870
74386810
74386627
74386682
74386648
74386763
74386728
74386762
74386688
74386723
74386910
74386744
74386619
72455345
72455356
72455327
72455411
74386946
74386943
74386950
72352855
74386980
74387035
72352854
74387045
74387037
74387050
74387053
74387082
74387043
74387091
74386876
74387063
74387090
74387078
74387076
74387087
74387074
74387089
74387006
74387047
72354827
72354811
72354806
72354803
72354960
72354868
72354875
72354873
74386827
72354817
74386833
74386861
74386849
74386921
74386748
74386616
74386673
74386653
74386915
74386703
74386649
74386676
74386647
74386845
74386863
74386671
74386714
74386738
74386634
74386611
74386615
74386928
74386618
74386970
74386974
72455348
72455404
72455407
74386952
74386975
74386804
72455358
74387008
74387039
74387079
74387042
74386839
74387054
72354856
74386665
74387034
74387071
74386718
74387051
74387013
74387026
74387060
72354813
72354823
72354835
72354822
72354861
74386840
74386823
74386862
74386892
74386895
74386800
74386752
74386780
74386666
74386656
74386702
74386706
74386700
74386733
74386650
74386874
74386907
74386791
74386933
74386771
74386767
74386711
74386709
74386629
74386689
74386962
74386632
74386715
74386749
74387040
74386976
74386965
74386923
74386998
72455388
74386939
74386951
72455325
74387085
72354858
74387077
74387020
74387081
74387068
74387025
74386937
74387019
74387016
74387056
74387041
74387005
72354812
72354814
72354954
72354881
72354859
72354838
72354855
72354871
72354854
72354830
74386821
74386841
74386828
74386765
74386799
74386918
74386620
74386816
74386789
74386897
74386710
74386778
74386684
74386919
74386911
74386757
74386793
74386707
74386779
74386626
74386672
74386658
74386956
74386698
74386737
74386643
74386730
74386729
72455399
74386931
74386948
74386973
72455331
74386984
72455417
74386991
74387000
72455394
72455415
74386941
74387080
74386755
74387058
74387021
74387048
74387065
74386957
74387038
74386960
74387036
74386958
74387010
72354828
72354952
72354824
72354839
72354862
74386830
74386835
74386852
74386855
74386795
74386787
74386797
74386781
74386668
74386741
74386699
74386614
74386645
74386912
74386904
74386636
74386856
74386693
74386899
74386720
74386692
74386739
74386612
74386964
74386986
74386963
74386947
74386977
74386999
74387003
74387028
74387086
72354857
74386724
74387094
74387062
74386938
72455416
74387044
74387031
74386953
74387014
74387108
72354953
72354804
72354879
72354865
72354853
74386831
74386832
74386820
72354840
74386858
74386906
74386860
74386905
74386917
74386815
74386796
74386630
74386803
74386788
74386808
74386806
74386900
74386902
74386743
74386869
72455336
74386929
72455422
74386983
72455409
72354945
72455351
74387015
74387012
74387109
74387030
74386843
74286830
74387088
74386857
72354870
74387046
74387011
74387072
74387075
72354844
74387023
74387066
74386901
72457285
75085779
75085777
75085783
72457294
72457303
75085756
72457277
75085762
75085787
75085758
75085790
75085797
75085761
75085836
72457246
72457257
72457268
72457271
72457288
75085803
72457231
75085794
75085798
75085765
75085760
75085772
75085791
75085841
75085796
75085781
72457283
75085776
75085800
75085757
75085789
75085768
75085774
75085785
72457266
75085778
75085804
75085830
72457251
75085764
72457282
72457276
72457298
72457279
72457267
75085802
75085799
75085759
72457250
75013091
72457269
75085763
75085814
75085818
75085808
75085792
72457049
75085784
75013097
75085788
72354111
72354172
72354196
72354135
74382491
74382485
74382006
74382476
72354150
74382020
74382440
74382457
74382460
74382445
74382451
74382458
72354168
72354184
74382441
74382309
74382028
74382448
72353097
74382022
72354116
74382141
72354128
72352834
74382142
74382090
74382089
74382080
72354188
74382029
72354161
74382079
72354193
74382497
72353093
74382086
74382081
74382068
72354102
72354187
72353007
74382137
74382067
72353100
74382082
72354107
74382031
72353104
72353101
72354149
72354132
74382478
74382008
74382493
74382004
74382474
74382010
74382465
72354101
72354119
74382021
72354117
74382456
74382301
74382306
72354118
74382077
74382138
72354186
74382023
72354121
72354170
72353085
72354171
72354176
72354164
72354197
74382005
74382477
74382014
74382002
74382490
74382498
74382496
72354109
74382468
74382462
72354181
72352839
74382447
72354169
74382007
74382024
72354189
72354108
74382088
74382065
74382134
74382026
74382076
72353086
74382453
72354114
72354131
72353092
72354190
74382135
72353096
72354157
72354195
72354198
72354148
72354180
72354174
74382015
74382470
74382016
72352840
74382500
74382442
74382454
72354160
74382452
74382018
72354123
72354105
74382078
72353090
72354103
72354162
74382032
72353099
72354199
72352836
74382489
74382492
74382495
72354100
74382488
74382444
74382003
72354185
74382009
74382303
72352841
72354134
74382027
72353087
74382308
72354106
72354154
74382066
72354166
72353098
74382087
74382140
72353088
72354165
74382085
72353103
72352842
72354194
72354175
74382011
74382482
74382471
74382463
74382449
72354159
72354156
72354173
74382304
74382499
74382475
74382143
72354191
74382461
74382302
72353102
74382083
74382084
72352835
72354136
72354129
74382469
74382001
74382494
74382450
72354182
74382307
74382310
72354167
72354183
74382305
74382139
72354122
74382455
72354192
74382136
72353089
72354158
72354115
74382025
75013204
75085687
75085686
75085707
75085712
75085694
75085657
75085704
75085658
75085662
75085677
75085715
75085696
75085659
75085671
75085688
75085661
75085684
75013230
75085711
75085683
75085716
75085689
75085660
75085708
75085664
75085656
75085691
75085714
75085675
75085690
75085681
75085713
75085673
75085710
75085685
75085706
75085663
75085655
75085693
75085697
75085692
72000001
72103360
72000000
72000004
72161600
72404056
72105238
72959595
74389999
72101914
72525437
72352803
72353799
72353573
72353824
72383823
72383845
72353810
72383808
72353821
72353801
72353813
72353850
72353853
72383876
74381422
72353848
72353811
72383899
72383884
74683898
72353807
72383837
72353868
74581044
74381462
74381015
74581053
74681048
74381444
74381052
74381307
74381302
74681003
74381020
74381036
74381435
74381432
74381427
74581037
74381414
74381060
74581063
74381430
74581038
74381451
74381039
74581057
74681290
74681261
74381257
74581080
74381306
74381293
74381402
74381308
74681282
74381381
74381262
74381478
74381431
74381300
74681273
74381311
74381267
74381255
74381385
74381352
74581141
74681138
74381387
74381145
74381083
74381358
74381147
72357282
74381401
74381495
74381392
74381488
74581135
74381390
74381496
72352806
74581098
74581099
74581112
72357280
74581143
72357443
72357316
72357324
74381313
74581123
74381131
74381149
74581094
74381100
74381104
74381121
74381122
74381349
74381124
74581137
74581139
72357303
72357286
72357412
72357233
72357297
72357429
72357441
74381367
72357242
72357326
72357323
72357325
72357241
72357337
72357330
72357289
72357329
72357433
72357328
72357294
72357436
72353279
74386345
72357437
74381180
74381179
72357468
74381153
74581174
74381164
74381075
74386352
74386354
72357346
72357450
72357244
72357399
72357435
72357397
72357400
72357295
72357409
72357403
72357466
74386132
72353276
72357491
74386151
72357493
74581199
72357439
74381161
72357408
74386182
74386218
74386537
74381214
74381215
74386114
74386541
74386119
74386146
72357251
74381373
74381230
72357488
74386122
74386525
74581200
74386216
74381371
74381296
74386127
72357515
74386136
74386535
72357372
72357490
72357378
74386375
74386362
74386369
74386367
74581193
74381195
74381220
74381372
74386406
74386549
74386587
74386561
74386190
74381203
74386116
74386394
74386222
72357459
74386382
72357505
74386157
74386173
74386579
74386591
74386594
74386385
74386158
74386553
74386383
72357502
72353579
72357389
74386350
72357238
72357484
74386559
74388833
74386194
74388928
74688837
74388674
74388814
74388756
74388757
74386529
74388655
74388552
74388805
74388944
74388556
74388663
74388664
74388665
74386175
74388667
74388668
74386563
74388759
74388653
72357352
74388798
74388563
74386568
74388452
74388457
74381198
74381375
74388881
74381376
72357367
74388660
74386566
74388835
74388923
74388472
74386228
74388880
74388848
74388479
74388847
74388859
74381417
74688863
74388486
74386570
74388484
74388777
74388857
74388819
72357475
74388462
74388924
74388818
74388842
74388568
74388816
74388851
74388761
74388909
74388477
74388839
74388884
74388908
74480727
74388474
74388785
74388554
74381378
74388831
74386301
74388536
74388866
74388491
74388874
74581205
74386162
74388509
74388869
74386169
74388867
74388827
74480816
74388511
74388538
74480837
74481269
74480785
74480787
74388919
74381333
74481207
74480606
74480833
74386168
74388792
74388575
74388688
74388530
74388828
74480856
74386574
74480824
74480831
74386577
74388578
74386166
74480814
74480845
74388922
74480840
74388579
74386423
74481258
74480608
74388794
74480838
74480843
74581250
74388915
74481267
74388795
74480607
74480791
74386257
74481255
74386436
74480792
74388902
74388895
74386596
74388515
74581266
74481241
74481235
74581227
74481291
74481233
74581287
74388898
74581289
74388701
74581231
74581274
74381339
74481222
74480884
74581245
74581244
74386260
74480731
74481224
74480795
74581275
74386329
74386412
74386592
74386206
74386207
74386202
74386213
74681301
74386425
74388800
74581300
74388901
74480557
74388703
74581295
74388480
74481308
74480879
74480774
74581296
74388582
74480796
74386246
74481374
74388718
74480882
74481402
74480886
74482033
74480572
74482047
74481394
74481376
74480894
74481344
74388589
74481433
74480653
74480652
74480680
74480898
74480802
74388576
74386331
74480642
74388605
74480565
74381245
74386200
74386254
74388732
74481345
74482025
72357482
74386330
74480618
74480573
74481427
74481436
72423564
74388514
74386476
74481419
74481379
74480561
74480555
74481363
74482009
74481355
72353317
74481414
74481356
74480628
74480651
74481396
74481420
74481390
74480601
72428845
72428265
72428962
72428236
74482018
74481333
74480574
74386415
74386210
74480644
74481423
74481403
74480621
72428899
74480684
74481328
74480682
74388738
74481407
74481413
74481324
72423516
74481401
74381337
72423592
72425173
72428227
72428256
74480668
74480666
74480616
74388588
72425213
74388710
74481406
74480645
74388719
74480650
74480661
74388744
74481381
74480660
74480614
74481378
72429692
74388607
72424696
72425413
72423816
72428093
72428075
72427935
72429699
72428691
72424416
72423709
72428022
72428939
72428819
72424769
72427992
75082164
72429719
72428099
72425791
74388614
72428060
72423769
72423754
72427829
72424431
72427793
72423846
72423915
72423879
72426871
72427786
72428828
72428835
72427056
72429707
72428040
72428338
72427944
72424386
74388621
72425635
72424241
72424163
72423842
74481448
72423945
72427726
72429143
72426467
74388631
72429760
72430349
74388617
72429260
74388627
72429706
72426017
72426043
72427802
72429551
72429857
72426487
72426065
72429312
72429308
72428206
72424783
72424739
72424677
72353329
72429605
72427886
72430377
72430365
72429105
72429563
72427982
72427964
72427921
72428396
72427756
72429762
72430001
72430042
72429805
75082156
75082316
75082361
75088024
75082360
72430309
75082615
75088007
75087919
75082350
75082609
72429874
72430074
75082626
75082631
75082607
75082351
75088014
75088017
75088009
75082545
75082477
74480931
75088019
75082346
75082169
74480932
72430321
74386513
75082466
75082355
72430317
75082604
75088004
74386511
75087918
75082627
75082632
72429500
75087913
75082635
75082320
72429397
72430170
72430198
75082474
72430105
72429897
72429862
75082329
75082478
75082475
72429765
75082458
75082327
75082172
74388624
75082566
72429668
72429393
75082328
74388620
72429499
72429970
72429758
75082567
75082471
75082323
75082194
74388641
72430293
72428479
72429853
72430058
75082158
72429468
72429454
72429561
72430294
75082503
75082505
75088141
75082371
75082649
75082501
75082387
75082295
74480936
75087979
75088306
74480629
75087978
75088243
74388645
75088312
75082384
75082288
75088285
74388644
75082500
75088187
75088163
75082234
75088293
75082560
75088361
75088178
75088374
75088292
75088315
75082225
75087955
75088153
74388640
75088298
75088159
75082364
75088359
74386154
75088283
75088127
75088125
75082335
74388639
75088308
75088124
75088128
75088156
75082404
75087985
75088402
75088231
75082308
75088207
75088122
75088154
75088202
75082502
75088131
75088204
75088203
75088027
75082565
75082491
75088360
75088324
75082312
75087961
75088246
75082291
75082496
75087989
75088137
75082217
75087990
75088194
75088180
75088200
75088201
75087965
75082499
75082646
75082372
75088165
75082498
75082294
75082215
75088212
75088220
75087957
75088369
72718300
72717528
72717400
72735937
72715669
72717480
72715719
72718316
72715700
72715557
72735884
75088333
72718083
72718438
72717594
72717605
75088253
72715671
75088394
75088389
75082267
75082591
75082261
72735536
72717496
75088303
72715748
75088379
75082253
72717907
75088371
72735823
72735985
72735765
72735935
72735694
72735562
72715673
72735938
72735750
75082274
75088385
72735958
75088341
75082276
72715541
72715639
72717599
72735732
75082258
75088327
72715392
72735933
72718264
72718455
75088383
72717388
72715869
72735752
75088266
72735852
72735766
72735996
72718330
72717366
72718296
75088328
75082269
72736009
75088270
75082588
72717367
72715717
72717903
72735509
72735692
72715394
72735695
72735622
72717598
72735844
75082580
72735930
72735610
75088352
72353576
72718299
75088387
75088276
75088260
72735609
72717961
72718434
72718436
75082367
72735934
72735632
72717503
72353587
72718435
72717478
72735893
72717365
75088302
72735527
75082240
72735927
72717724
72717399
72717383
72735733
72735636
72717387
72735872
72717433
72735620
72717429
72717725
72735864
72717843
75082550
75082406
75087944
72715784
75082427
74386294
74480758
72715751
72717892
72429900
72715819
72357377
74480598
72717467
74480745
74386288
72717829
75082548
74480775
74481384
74386498
74388571
72429367
74386313
75082425
74480579
74481375
74388706
74386311
74386482
74386273
75088111
72717470
72715480
74381067
75082453
75082435
72718365
72717669
72357431
74480835
74381413
74481956
74481959
74381403
72428492
74381345
75082443
75082408
74481424
74386556
74381331
75088010
75082192
74381233
72715361
72427763
72429444
72717894
74480760
72429323
72717926
75082173
75082441
72357360
74388503
72357497
72357260
74386279
74381342
72428598
74381236
74386287
72718160
72357521
72717918
75082230
72718034
75087945
74381152
74482035
74386319
75082409
72718409
72717999
72717890
74381323
74480755
72717553
74386317
74480749
74386281
75087942
72357500
75082417
72735747
72715842
72718025
74480873
74481964
74480654
75087939
74481973
74386583
74386438
74480849
72357357
72357526
74388817
75082540
74386265
72717877
75082197
72718270
72717565
72429688
74388597
72735671
74388506
74480768
72357264
75082594
72718232
72357359
74481367
72718492
74388573
75082597
72718465
72715747
74388780
74480587
74480909
75088329
72735631
72715749
74480870
74481974
72428634
74480583
72735798
75082188
74386267
75082575
72715605
74481969
72715577
75082598
72717742
72357417
72428149
74480708
75087951
75082552
72428544
72428838
74480938
72357486
72715769
74386272
74386247
74481990
72715381
72717682
75082424
74480784
74480591
74480761
72894998
75082428
74480747
72718281
72717701
75480945
75082576
72353583
72718238
75082423
74381439
72430129
74386138
72357267
74381410
74480910
75082579
72430141
72428345
72715342
72717818
72717455
72717951
74386295
72735870
74381071
74381350
72735684
74480779
75088332
72718130
74481392
75088274
72717953
72715345
72715764
72717672
72717687
72424267
74481962
75088110
75082177
74481984
74381231
72428532
72718285
74386593
75088106
74386444
74480765
74381332
72717439
72718502
72715830
75082465
74386315
72735976
72717867
72717659
75087949
74386414
72718062
74480766
74481268
75082436
74480584
72357262
72428933
74480928
72717529
72717802
75088103
74386269
72718069
72718356
72828863
75082448
75082623
74381407
72717747
72718230
74388893
75082578
72718517
72717985
72735672
75082433
74480752
75088357
72357266
75082239
74388533
72717910
74381229
72429054
74480757
74480582
75082303
75082432
74482038
72383809
72353825
72353827
72383847
72353872
72383815
72353849
72353851
72353863
72353896
74381301
72353895
72383866
74381456
74381045
74381452
74381404
74381016
72353887
74581055
74381021
74381041
74581065
74381433
74381033
74381009
74381040
74381024
74381025
74381473
74381393
74381489
74381480
74381289
74381268
74381468
74381486
74381382
74681277
74381426
74381253
74381088
74381087
74581102
74381356
74381360
72352810
72353286
72357226
72357411
72357321
74381366
74581130
74681148
74381111
74381132
74381492
74581144
72357348
72357344
72357470
74386341
72353280
74381370
74381494
72357461
72357434
72357394
72357406
74386135
74386522
72357456
72357382
74386171
74386400
72357395
72357507
74381076
72357494
74386526
72357380
74381183
74386361
74386536
74386379
74386153
72357392
74381213
74386144
72357255
74386558
72357391
72357373
72357370
74386586
74386111
72357342
74386397
74386384
74386547
72357418
72353312
72357390
72357424
74381412
74386193
74388770
74388802
74388809
74386588
74388762
72353272
72353271
74388754
74388558
74388832
74381322
74386564
74388815
74388843
74388673
74388679
74388891
74388912
74386170
74388775
72357358
74388904
74386227
74388932
74388782
74688855
72357317
74388787
74388495
74388826
74388823
74388949
74388822
74381327
74480818
74480830
74480834
74388539
74388687
74388577
74681270
74386178
74388500
74388788
74480810
72357480
74386424
74581212
72353353
74388501
74386481
74480861
74386262
74480809
74381329
74388507
74388920
74581260
74480771
74480850
74388781
74388697
74581228
74481242
74581284
74480610
74480612
74581303
74388900
74480773
74388698
74480558
74386203
74388702
74480852
74480624
74480733
74480862
74388938
74482006
74481370
74480647
74481398
74480638
74482007
74481365
74388772
74386483
74388684
74388751
74480673
74481397
74386584
72428272
74482020
74481416
72423604
74480901
74482012
74386209
74481362
74481405
74481332
74386480
74388747
74388598
74480887
74481431
72423652
72428331
72428966
74482019
74480569
74480890
74480620
74388603
74482045
74482046
74386241
74480681
74388739
74482011
74481432
74386214
74480899
74480627
74480709
74386243
74480675
74480636
74480640
74388722
74481352
74481385
74481387
74388936
72428161
72428682
72428107
74388613
72423899
72426894
72429246
74481449
72429229
72428126
74481441
72426632
72425202
74481453
72429283
72427974
72426680
72427855
72427871
72430373
72426174
72429964
72429245
72430358
72429453
72429714
72427912
72429547
72430003
75082614
75082617
74480930
75087928
75082170
75087930
75087911
75087931
74388565
75082359
72430053
75082620
75087927
75087926
72429944
74480929
74386514
75082507
75082652
75082326
72430023
72429937
72429832
74388628
72429751
74386515
75082495
75087925
75082325
75088006
74481391
72429509
75082605
75082336
75088209
75082205
75087980
75082488
75082400
75088190
75088358
75088217
75088317
75082309
75082297
75087981
75088362
75088129
74480951
75082559
75082248
75082490
75082343
75082641
75082252
75088133
75082289
75082563
75087964
75082383
75088295
75088230
74388637
75088323
75088138
75088215
75082299
75082208
75088237
74388643
75088247
75082236
75082279
75082340
75082218
75082483
75088181
74388638
74388632
75082211
75088184
75088195
72735889
72735679
72735959
72715724
75088345
75088354
75088268
75088344
75088397
75088351
75082260
72735783
72715525
72715866
72715695
72715743
75088343
75088335
75088338
72735945
72735997
72715672
72715845
75082278
72735974
72735797
75082271
75082265
72735992
75082277
72718163
72715385
72715533
75082403
72735845
75088346
75082255
75088381
75088259
75082243
72735757
75082264
75088256
72717520
72715713
72715865
72715339
75082369
72735851
72718451
75088272
72735773
75088380
75082394
75088367
75088396
72717501
72718118
72718425
72718429
72715386
74386231
74481985
72715578
75082181
72717574
74481215
74481979
74381228
72718248
72357334
74481987
75082440
74386117
75087974
74480866
74386607
75082589
75087935
75087966
74480596
72715364
74386387
74480906
72429626
74386298
72715354
72718146
72717967
74388529
74480805
74381338
72718231
72717749
72717842
72428520
72717572
74481214
72357410
74481978
72735676
74388467
74481983
72717584
74480748
74386543
72429131
74388465
75088248
75088012
74480875
75082439
74386290
74388913
72718354
74381437
74388825
72738515
74480813
72718514
72718396
72428508
74482041
72718006
72718057
74481439
72718194
72429841
72357272
74381443
75088264
72357353
74386300
72718260
72426736
75088145
74386308
75082182
72717688
72353798
74480586
74388512
74381222
74381069
74386445
72717623
75082421
72717990
72428551
75082430
72424811
74386601
72717546
75082245
72715353
72357238
72715752
75082447
74386439
74381072
74386493
74386599
72718391
74480764
72718343
72717671
74480593
72717998
72717873
72715472
72718246
72894854
72357265
74386505
72357263
72735920
72718108
72735906
75088353
72717882
72717933
74386307
72715817
72715343
72718063
72718337
72715774
74381240
75082600
74480602
72429725
72357269
75088109
72718344
72717336
72353830
72353877
72353804
72353894
72353839
72383856
72353893
72353826
72353838
72383880
74381466
74381428
74381303
74381006
74381011
74381440
74381458
74581004
74581019
74581046
74381281
74381278
74381470
74381472
74381467
74381259
74381279
74381394
74381089
74381092
74381384
74381146
72357296
72357314
74581093
74381490
72353288
74381391
72357299
74381351
74381142
72353269
72357447
74381109
74381119
74381101
74381108
74381493
72357243
72357293
72357248
72357327
72357356
72357345
74381498
74386344
72357454
72357340
72357453
72353282
74581163
72353278
74386126
74386152
72357487
74381188
72357464
72357292
72357404
74381316
74386147
74581170
74386183
72357512
74386359
74381151
74381181
74386528
74386365
74386403
74386405
74381212
74386217
74381201
74381405
74381204
74386551
74386372
74386545
72357485
74386386
74386552
74386137
74386560
74386562
74386544
74386546
74386557
74386408
72357419
72357252
74386221
74386567
74386174
74388927
74688838
74388458
74388657
72357365
74388763
74388662
72357369
74388559
74482028
74388811
74388666
74386192
74388753
74381377
74388945
74388946
74388931
74688834
74388755
74386428
72357366
74386226
74386565
72357245
74388850
74388903
74388485
74381326
74388864
74388469
74388482
74388475
74388849
74386229
74388672
74388844
74388547
74388677
74581220
74386573
74386432
74388551
74386163
74388830
74388498
74381379
74386179
74480728
74381380
74386165
74480864
74480811
74388497
74480842
74480820
74388651
74480817
74480729
74386167
74386575
74480846
74388694
74388541
74481251
74386327
74481262
74480788
74581277
74388887
74386326
74388543
74388896
74386232
74481234
74388700
74581230
74581243
74388797
74480793
74581239
74481237
74480705
74480611
74480806
74388557
72357478
74480797
74386234
74480556
74388707
74388942
74480876
74388523
74388734
74388591
74388741
74481421
74481399
72353319
74388601
74388524
74386418
74386198
72353320
74388600
74480649
72428328
74481418
74388590
74386248
74480688
74388740
74481410
74481415
74481334
74480564
74480889
74388743
74482050
74581279
74388720
72425157
72428959
74388586
74480706
74481369
74480679
74381238
72428636
74386253
74388716
74480560
74388513
74481444
74481317
74386332
74388723
74480559
74388737
74480880
74388940
72429712
72425429
72428674
74481437
72428342
72427952
74481454
72429621
72424646
72428357
74388611
72427051
74388649
72428001
74481451
74388606
72427788
72425932
74388596
72427966
72427880
72428356
72428410
72425359
72427887
72429114
72428389
72429801
74388619
72429265
72429277
72430327
72429310
75082315
72427979
72428035
72429985
72428381
72425977
72427799
72428406
72428132
72424305
75082332
72430110
74388629
72429307
72429909
72429427
75082629
75088401
72429404
75082195
72353344
75088399
75082349
75082356
75082640
74481382
75087915
75082610
72429383
72429446
75082633
74386512
72429484
72429371
72430239
75082603
75082168
75087912
72429456
72430186
72429344
72430314
72429672
72429920
72429336
75082460
75087907
75088005
75082470
74388625
75087910
75087986
75082486
75088225
75088305
75088309
75082237
75088310
75088170
75088286
75082250
75088161
75088287
75088375
75082235
75082302
75088029
75082386
74388630
75088313
75082379
75082642
75082331
75082337
75088233
75088288
75082339
75088148
75082497
75082493
75082313
75082284
75088226
75087969
75082398
75088281
75082282
75087960
75088175
75082492
75082227
75088157
75082223
75087975
75088277
72735819
72735685
72718413
72735516
72715514
72735479
72717504
72735848
72717490
72717491
75088356
72735731
72735681
72735761
72736005
72715691
72715742
72715555
72735544
75082581
72715565
72717375
75088269
72715383
72717908
72717731
72715498
72735858
72735881
72735521
72735843
75088378
75082263
72715856
75088384
75088273
75088262
75082391
72715531
72735600
72715539
72715408
72735517
75082368
75082392
75088337
72718412
72735518
72718420
75088331
72736001
72718076
72715670
72715699
72735489
72353314
75082396
72715391
72715728
72735928
72735890
75088347
72717395
75082585
72717615
72735717
72715375
72717563
74386381
75088169
74480594
75082193
72718141
72718068
72357473
74386296
75087958
72718041
74481982
75082238
74388784
74481965
74386430
74480855
75082542
74480738
72357364
74381449
72429049
75082155
75082213
75088307
74386492
75082596
74480869
74480663
75082304
74388622
74386270
74386219
72357524
75088304
72428522
72428548
72717757
74386314
72427902
75088119
74480736
72717540
72717552
72717987
72429543
74480782
72428533
75082229
74381343
72428617
72428250
72718185
74386324
74470778
72429998
74482015
72717880
74480568
74480885
74386494
72717697
74386507
72717855
72718005
75082568
74386291
74481957
72715696
72424915
72735784
75087947
72718283
72717923
72718106
72357271
75082592
72717543
75082189
74480907
74480578
72718234
75088139
72429957
72357270
74480734
75082412
72715482
72717692
74386503
72357420
72715832
74480940
72735597
74480585
72429010
72717695
72715613
74386600
75088146
74386340
74381291
72428777
72717911
75088143
72718336
75082451
74381334
75082534
75082422
72717949
72715380
72735902
75088370
74388778
74481366
72429772
75082450
74480589
74480756
74386335
74381314
74388921
72717677
72718104
72718493
72717838
74381330
72383829
72383874
72353819
72353836
72353831
72353846
72383833
72353842
72383843
72353852
72353864
72353871
72383890
72353878
74381064
74381459
74581051
74381464
74381029
74381032
74581054
74381461
74581013
74381030
74581027
74681050
74381438
74381424
74381463
74381026
74381034
74381031
74581049
74381482
74381297
74381263
74381442
74381436
74381294
74681288
74381285
74381312
74381079
74381299
74381483
74381286
74381265
74381258
74581106
74381085
74381355
72357416
74381103
72357305
72357308
74581120
72357283
72353584
72357247
74381134
72357301
72357230
74381353
74381116
74381126
74381136
74381363
72357302
72357446
72357287
72357298
74381369
72357290
72357339
72357237
72357319
74381500
72357249
72357240
74581173
74386346
74386348
74381176
74581166
74381447
72357332
72357462
72357396
72357405
74581154
72357509
74386358
74681165
72357393
72357496
74581197
72357472
74381216
74386131
74681284
72357398
74386133
74386377
72357508
74381189
74581186
74386524
74386378
74386527
74381209
74386371
74381202
74386554
74386589
74386590
74386118
74386188
74386542
74386427
72357386
74386396
72357371
74386548
72357253
74386555
72357388
72357368
74388771
74388813
74388806
74388555
74386351
74388661
74388652
74381320
74388799
74388812
74388456
74688836
74388566
74388810
74386509
72357351
74388564
74388845
74388776
74381324
74388678
74688858
74388862
74388476
74388572
74388455
74388879
74388852
74688856
74388463
74388948
72353581
74388910
74581219
74481218
72353340
74386581
74388574
74480726
74480725
74388868
74386161
74388489
74388871
74388873
74388885
74388886
74388829
74386489
74681213
74388528
74388691
74480841
74381344
74388537
74480829
72353277
74388499
74581211
74481259
74388693
74388526
74388916
74480826
74581264
74480847
74481265
74388580
72357479
74388894
74388796
74386258
74581283
74386328
74480772
74480878
74388941
74386215
74388801
74581299
74386420
74581305
74480613
74388546
74388933
74581298
74388705
74481330
74480562
74481319
74481346
74480893
74386239
74386333
74482048
74388587
74481337
74480671
74480704
74388735
72428278
74480617
74480683
74481343
72424919
74482013
74481426
74480667
74481326
74480801
74481359
74386486
74481335
74481372
72428264
74386417
74480625
74480635
74388519
74481371
72428977
72428970
74480571
74480646
74386484
74388736
74388592
74480689
74481412
74481364
74481409
74386201
74386416
74480710
74480927
74480804
74388721
74480563
74388746
74482051
74481336
74480648
74481389
74481349
74388726
74388728
72428092
72428343
74481452
72426875
72423753
72424559
72427673
72425855
72428465
72428089
74388692
72429288
72424190
72428217
72428637
72425711
72424326
72428038
72424443
72428766
74481447
74388618
72426197
72426206
72429228
75082157
72429478
72429843
72430351
72430346
72429612
72430340
72426158
72429585
72423632
72427929
72427883
74388608
72428452
72428319
72430063
75087917
72429882
75082611
75082357
72429956
75082630
75082625
75088018
75082358
75082171
75087920
72430054
75087932
72353342
75088013
75082621
75082606
75088021
75088403
74480934
75082348
75082305
72353346
75082618
75082480
75087916
75082619
72429871
72429982
75082334
72429429
72429295
72429485
75087906
75082459
75088240
75082292
75082390
75087967
75088228
75082290
75082206
75082637
75087976
75087962
75088318
75088376
72353348
75087954
74388647
75088227
75087987
75088142
75088123
75082247
75088134
75088213
75087973
75082283
75088028
75088206
75088251
75088196
75082281
75082311
75082212
75082399
75082556
75088245
75087971
75082378
75088185
75088250
75087983
72718075
72715740
72715534
72735510
75088348
72735581
72717609
72718449
72735511
72718084
75088284
75082241
72717633
72735529
72735940
72715697
75088349
72735474
75082232
75088258
72735640
72717507
72717380
72735947
72718167
72717727
72735953
72715668
72735584
72715550
75082380
72735975
72735686
72353582
72735504
74480941
72715546
72735693
72718082
72718098
72718094
72718335
75088257
72735575
72717593
72715745
72735723
72735660
72735586
72717600
72715626
75088355
75088392
75082586
72735646
72715731
72717601
72717516
72715732
72717409
72717382
72735653
74386266
74480735
72717780
74381237
74386495
74386506
75088022
72717562
74480854
72735725
74480769
72429415
74386572
74381226
72735751
72428484
75082449
74381321
72715758
75082187
75082445
72357274
74386306
72426433
72715800
72357349
72717555
74381318
72718156
74386304
72718279
72357333
72357523
72357522
74381415
74381292
72717940
74386276
72717756
74388466
72429233
75082536
75480944
74480908
74482016
72357413
72715787
74481404
72717863
74386604
74381340
75088117
75082407
72715615
74388824
72715485
74386264
74482010
72717714
72718269
74386598
74386282
74386443
75082587
74381211
74386504
74082244
75082555
74482032
75082476
74386501
72717921
72428949
74386610
75082571
72718126
74480828
72718225
74482036
72715484
72715785
74388470
72428615
75082452
72357246
74381160
72715365
72718411
74388609
75082411
75082595
74481977
75082405
72357259
75082222
75082233
75088113
72717844
74386323
74381234
74481968
74386320
75082201
72718114
74480576
75088144
74480753
74386318
74480763
75082446
75088149
74388510
72357341
75082419
74480599
75082191
72717772
75088114
72357362
74480783
72429002
72718065
72717440
72715606
74388569
75088301
72718367
74480778
72715607
72735866
74480874
72717889
72357288
72715494
72735742
72718272
74381070
74481229
72717891
75082416
74480853
72357423
72717758
72383816
72383861
72353814
72353802
72383859
72353867
72383888
72353854
72353855
72353875
72383879
72353881
74381448
74381305
74381010
74381023
74381408
74581061
74381425
74381047
74381455
74381450
74381476
74381386
74381383
74681275
74381269
74381264
74381397
74381475
74681266
74381471
74481309
74381365
74381497
72357306
74381399
72357276
72353572
74381354
74581133
72357232
72357309
72357318
74381357
74581107
74381359
74581150
72357234
72352809
74381499
72357229
72357430
72357284
74381491
72357428
72357463
72357426
74581168
72357401
74381177
74381175
72353270
74381171
74386112
72357449
72357451
74381167
72357465
74386130
74386370
74386374
74386128
74581190
74381217
74386491
72357440
74386145
72357489
74386364
74386410
74386523
72357384
74381182
74581187
74386123
74386366
72357495
74581185
74386531
74386286
72357457
74381194
74386124
74386533
74386539
74386148
74381219
74381207
74386407
74381319
74386172
72357483
74381374
72357422
72357254
74386373
74386392
74381205
74386186
74386187
74386139
74386409
74386141
74381317
74388943
74388752
74386159
74388656
74388760
74388658
74388807
74386225
74388764
74388929
74388930
74388659
74388454
74388840
74388532
74388675
74388570
74388461
74388841
74388460
74388911
74388779
74388860
74386156
74388468
74386309
74388906
74388872
72353357
72353358
74388875
74386160
74386176
74388549
74388820
74388488
74388905
74388685
74480819
74581208
74386230
74386164
74481210
74480825
74481209
74386177
74480823
74388531
74388789
74480605
74388505
74581261
74581254
74480790
74388695
74480730
74480786
74388504
74481272
74480609
74386363
74581273
74480800
74481253
74388561
72353359
74388581
74481293
74581236
74386233
74386285
74386413
74480883
74388542
74581302
74386196
74386284
74481430
74386244
74481357
74388742
74481347
74480897
74482049
74480891
74480702
74482030
74386242
74386249
74386199
74388709
72353574
74480670
74386580
74388935
74480859
72423481
72423557
72428317
72423474
74388749
74388713
72425076
74480900
74481395
74388748
74482053
74388914
72428262
74482021
74482024
74386236
74386251
74480622
74480754
74482017
72428873
72428974
74388650
74386490
74482005
74481361
74388937
74386212
74480799
74481341
74388583
74482031
74481368
74388602
74480919
74480643
74388745
74481386
74481380
74386334
74480703
74386433
74388725
72425585
72427657
74481350
72429738
72429660
72427689
72427850
72423859
74481440
72428363
72426627
74481393
74481446
72426248
72426835
72429720
72429734
72424724
72428711
72424154
74388612
72429136
72430354
72430362
72429311
72429604
72430342
72429314
72429588
72429691
72428197
72429666
72430370
72428211
72429573
72429293
75088015
75082628
75082347
75087929
75088020
75082546
75087937
75087909
72429773
72430229
75082321
72429976
74388634
72429838
74481443
75087905
75082651
72425279
75082319
72429380
72430237
75082457
75082472
75082612
75087923
75082363
75082324
75082362
75082322
75082464
75082506
75087904
75088198
75082210
75088199
75088155
75082484
75082485
75088289
75082389
75088319
74480937
75088162
75088294
75088236
74388642
75088296
75087991
74386129
75088314
75088291
75082504
75082639
75088320
75088132
72353349
75088130
75088299
75088229
75082287
75082382
75088234
75088158
75088244
75088191
75082214
75088186
75088223
75082300
75088364
75082246
75082293
75082221
75082373
75088325
75082341
75088152
75088211
75082557
75088176
75088160
72735571
72735951
72715710
72735718
72717498
72735702
72715400
72735493
72735952
75088326
75082273
72735607
72715633
72717499
75082275
72735483
72715445
75088290
75082366
75082397
75082259
72735942
75082590
72735727
72353585
75082401
72718458
75088252
72735838
72715873
72735828
72735708
75088340
72717959
75082270
72735512
72718166
72715704
72717968
72715756
72735944
75088271
75088255
72735756
72715741
72718096
72717477
72715738
72718329
75088336
72735547
72718090
72717475
72718307
75088398
72718174
72718079
72718304
72717407
72718073
72735665
72735874
72717620
74381418
75082444
74480935
75082593
74480867
74480575
74386502
72428596
74480577
75082179
74480751
74481981
72718151
72735896
72357501
72718348
74388808
74480592
72715464
72357498
74386603
75082190
72429084
72718217
72357518
72735865
74386283
72717929
74481971
74480948
72428608
74388804
72715750
72717823
72357499
72428993
75082228
74480737
74381239
72715474
74481980
72429140
75082414
72357258
74481955
74480762
72430152
72735748
72357312
72717711
74386120
75088342
72715641
74388715
75082186
72717767
72429120
75082175
72718369
74480588
75088115
72717550
74386322
75082254
74386419
72430322
75088121
74482042
74381441
72428490
72717437
72717670
74386274
72718363
75088147
72735588
74381068
75082437
75082554
74480741
72429830
74480742
72718024
72424519
75087941
75082413
72357257
74480732
72718380
74480750
74480744
72429675
72715693
74386325
72429065
72735993
75082426
72357514
74481963
72717955
72429014
72357256
74381409
72718362
72715341
75087950
75082183
72735796
72717561
75088108
75088105
72735793
72718370
72429791
72715621
74386368
74388635
72429129
74386441
72715687
74388646
75082553
74480872
72424496
74480746
72717761
75082166
72429080
75082537
72715460
75082420
74480595
72352811
72353800
72383820
72353822
72353840
72353841
72353844
72353835
72383803
72353828
72383857
72383860
72383889
72383817
72353832
72353858
72383897
72353886
72353885
72383818
74381457
74381421
74381002
74381035
74381028
74581056
74381007
74381043
74381001
74381005
74581008
74381012
74381062
74381434
74681042
74381454
74381058
74381479
74381298
74381295
74381310
74381411
74381487
74381474
74381287
74381484
74381280
74381388
74681283
74381272
74381260
74381081
72357442
72357313
74381086
74581084
74381082
74581091
74381140
72357315
74381105
74381113
74381114
72357278
74581129
74381419
72353285
72357311
72357445
74581127
74381346
74381347
74381361
74381396
72357277
74581128
72357281
72357331
74381315
72357304
72357452
72357291
72357347
72357427
72357343
74386343
74381172
72357469
72357467
74386113
74386349
74386353
72357444
72357402
72357338
74381156
74386185
72357471
72357516
72357425
74386150
72357385
72353275
74386402
74386540
74381162
74386184
74386404
74381221
74386426
72357379
74386376
72357310
74381159
74386521
74581192
72357381
74381196
72353273
72357455
74581191
74386149
72357250
74386534
74386401
74386388
74381210
74386310
74386399
74386390
74482027
72357460
74386143
74386538
74381206
72357374
74386395
74681225
74381208
74386220
74381224
74386115
74386398
74386389
72357320
72357375
74386224
74388803
74388560
74386181
74388562
74388670
74386223
72357228
74388892
74386191
74388765
72357355
74388882
74688846
74388750
74381325
74388473
74388459
74386297
74388821
72353356
74388951
74388865
74388947
74388548
74388493
74388786
74388599
74388883
74481217
72353354
74388490
74388681
74388534
74388683
74386431
74388918
74480821
74581246
72357477
74386578
74388689
74388790
74481248
74386487
74388540
74386477
74386435
74381336
74480839
74581281
74388696
74386434
74481278
74388527
74388516
74581252
74681294
74481292
74581288
74388544
74581238
74581226
74386422
74581240
74481225
74388897
74581280
74386204
74386411
74388545
74388917
74388704
74581286
74386205
74386499
74388934
74482026
74480665
74481383
74480701
74482022
74481358
74480739
74388717
74388724
74388729
72423471
74386238
74386479
74386252
74480678
74386240
74386488
74386338
74388522
74480798
74481322
74481373
74481321
74388585
74480632
74480881
74388584
74388518
74480639
74386485
74481327
74482034
74481417
74482054
74481348
74480860
74481400
74481408
74481360
74481411
74481331
74480685
72428242
74480896
74480677
74386250
74388593
74388594
74482008
74482029
74481422
74386336
74386237
74480623
74388727
74388731
74388711
74386235
74388925
72428943
74386255
74480687
74481338
74481351
74480634
74386339
74480707
74386197
74388708
72427817
74481438
72424848
72425547
72423778
72428216
72428821
72428651
72428426
72429696
72429218
72423642
72427933
72424756
72428164
72425381
72429680
72429715
72426063
72428728
72428207
72428166
72428770
74481450
72428804
72425594
72428045
72426479
72427910
72426093
75082650
72430336
72428376
72429710
72427791
74388616
72428169
72428740
72429663
72430329
74388648
72429947
72429905
75082463
75082616
75087914
75087933
75087936
72429868
75082479
75082608
75087921
75082345
75082624
75088400
74388636
75082467
75082167
72430210
74388626
75082353
75082645
72353345
72429852
72429455
72430238
75082462
75082160
75082461
74388633
75082165
72429351
72429545
72430242
75082648
75082307
75088126
75088166
75088179
75088232
75082644
75088311
74480952
75087988
72353343
75082285
75082301
75088011
75087959
75088167
75082634
75087968
75088183
75088210
75088218
75087956
75082376
75082296
75082219
75082338
75082482
75088224
75088193
75088249
75082286
75088214
75082385
75082613
75082224
75087963
75082220
75082207
75082377
75088382
75088265
72735891
72735712
72735645
75082256
72735863
75088339
72735565
72735519
72735825
75082242
72735482
72735979
72718170
72718443
72717592
72735777
72715401
75088393
75088261
72717717
72715746
72717635
75088275
75082268
72735836
75088282
75082262
72715863
75088391
75088280
75088334
75082344
72718077
72715497
75082395
75082266
75088386
75088373
72735662
72718102
72353313
72735643
72353315
72735968
72718313
72717519
72735670
72718422
72735556
72735546
72715441
75082330
72735667
72735673
72717410
75082584
72357513
75088140
72357520
75082231
74481970
72717705
74386510
72718188
72429996
72353284
75082418
72717462
72718240
75082583
72718273
72717980
72715803
74386609
74388793
74381335
74386571
74481967
74480946
72715786
72735913
75082494
74482044
72357503
72735842
75082442
74481249
72715727
75082599
72357231
74481445
72718406
74388464
75088107
75082455
74388676
72715457
74481323
75082184
74481961
74381235
72718368
75082174
72429811
72718515
72427713
72718461
74386261
72429015
72429687
72428224
72715372
74386497
72717909
75082438
74480566
74480767
74480851
75082582
75087948
74386602
72717743
75082251
72715776
74386321
72715491
75082643
72717839
72717957
74386125
74480759
72718152
74482040
72425279
74386293
74388492
74480776
72715473
74386312
72717859
72353586
74386440
74386275
72428906
72735697
75082431
75082162
75082200
75082601
75088205
75082572
74381341
74386595
75082333
74386606
72735895
75087938
74481986
74381420
72717676
75088238
75087977
75082622
75088136
72715683
74480803
72717685
72735916
72717997
74386303
74481972
72718147
72715622
72715835
72718472
72735875
74480943
72717782
74371241
72718058
75082185
72429182
74481271
75082570
75082196
74386597
72357510
74480590
72718401
72715489
74480740
74480570
74482039
72717542
72717578
72717538
75082573
75082178
75082538
74388521
75082204
74386271
72715461
72715825
72717969
72735878
74482043
72357275
72352805
72428936
74386316
74386500
72352804
72383812
72353862
72353873
72353882
72383805
72383834
72353870
72383806
72353865
72353869
74381304
74381445
74381453
74381465
74381423
74381022
74581014
72352807
74581059
74381429
74581017
74381416
74381485
74381077
74381469
74381477
74386140
74381481
74381270
74581276
74381256
74381389
74381078
74381309
74581271
74381254
74581090
74381364
72357285
74381096
74581097
74381118
74381115
74581117
74381125
74381406
72357239
72357322
74381095
72357235
72357415
72357448
74381348
74581110
74381362
74381395
72357307
72357236
72357227
72357279
74581169
74581157
74386347
74381178
72357407
74381155
74386356
72357335
72357432
74381368
74386532
74381074
74386380
72357458
74381218
72357492
74480863
74386357
74386360
74386342
74381073
72357511
74381184
74386530
74386121
72357421
74386189
74381223
74386550
72357504
74386142
72357506
74386155
74386569
74388453
74388926
74388654
74388553
74386508
74386195
74388669
74386134
74388758
74388766
74388768
74386429
72353316
72357363
74388767
72357354
74688854
74388680
74388773
74388774
74386180
72357350
72357481
74388890
74388478
74388550
74388471
74388878
74388877
74388671
74388481
74388876
74388861
74388567
74481216
74388950
72353355
74386585
74388535
74381328
74688870
74388502
74388783
74388889
74388907
74388487
74581221
74386292
74388682
74388494
74386299
74481206
74480822
74388791
74480836
74386582
74386302
74388690
74386576
74481247
74480815
72353352
74480812
74480770
74581263
74581282
74480789
74480827
74386256
74581256
74386263
74481257
74480808
74386421
74388604
74480877
74481232
74581290
74388899
74481285
74581223
74388699
74581297
74386437
74481304
74681306
74388525
74480664
74482023
74481329
72353318
74480892
74480633
74481276
74481435
74480700
74386245
74480674
72428277
72428266
74386478
74480631
74388517
74388939
74480615
74480626
74482052
74480895
72424842
72423613
74388712
74388595
74480619
74480641
72357476
72428229
72428849
72424851
74480888
74388520
74480807
74480662
74481428
74482014
74481425
74386211
74480686
74480630
74388714
74386337
74480637
74481434
72423698
74388508
74388686
74481316
74481377
74481388
74388733
74481429
74480676
72425264
72428189
72428146
72427796
72427997
72428818
72427743
72429703
72425371
72428053
72426568
72425810
74388610
72423648
72425925
72424321
72426395
72429189
72427823
72426918
72429133
72429317
72429400
72429256
72429269
72430012
72430020
72428119
72430374
72430347
72429851
72426620
72427821
72429458
72430090
74388615
72429549
75082456
75082549
75082198
75087908
74480933
75082638
75088016
75082163
75082352
75087924
75082547
75088023
74388623
75082317
72429466
75082314
72429876
72430051
72429965
72430299
75082354
72430185
75082602
72429928
72429443
75082473
72430228
72430079
75082159
72429835
75082318
72429290
75082161
75082636
75087984
75088242
75088189
75088182
75088300
75088192
75088172
75082249
75082388
75082481
75088168
75082342
75088171
75082306
75087982
75082558
75088377
75082562
75088135
75082381
75082489
75082561
75087922
75088222
75082375
75088025
75082487
75088322
75088026
75082310
75088208
75082370
75082298
75088279
75088316
75088216
75082564
75088197
75088219
75088221
75082280
75082647
75088297
75082374
75088241
75088164
75082226
75088235
75087972
75088188
75082209
75088177
75087970
75088365
75088330
72718448
72736003
72735657
72735688
72718265
72735887
72735931
72735859
75082402
75082365
72735849
72735991
72718301
75088366
72715624
72735939
75088390
75088254
72715652
72715679
72717630
74480939
72718440
72735738
75088267
72715398
72717628
72735978
72736008
72717517
72736018
72735729
72736006
72715559
72353580
72715443
75082257
72715650
72715643
72735497
72735943
72735854
75088350
75088368
75088395
72735769
72735561
72715711
75082393
72717639
72717487
72735650
72718445
75088263
72735648
72715454
72715562
72715658
72735746
72717614
72717424
72717521
72735869
72357517
75082577
75082551
75082544
72718216
74386259
72718162
74381446
74481976
75088104
72357336
74388853
72424475
74481958
72718210
75087946
74386391
72357376
72718288
72430086
72715347
75087940
72717862
72428639
72717582
75088102
72718127
75082202
72735917
75088120
72735877
74480947
74386605
72430026
74480780
72715827
74386268
74388483
72715452
72718408
74480581
75088118
74480781
72715360
75082180
74480832
72717832
74386208
75082415
72718136
72428529
72429690
74482037
74481960
72428907
72428497
72715839
74386305
72357273
74480743
72718128
72735909
75082543
74386280
72357268
75082654
74389693
74388730
72718055
72427712
72715580
75082653
72717916
74480597
74386277
74480868
72357525
75082203
72718012
72357438
74480848
75088116
75087943
74386442
72718469
72428768
72717786
74481975
74381066
75082410
72717831
72738500
72428510
72357387
72357361
75088112
72718384
74386355
75082569
75082434
75082216
72718339
72426215
72735922
74480858
74480871
74386278
72718467
74480567
72715370
75082176
74480794
74481442
75082539
72735898
74386608
74480600
72718386
75082454
72718267
74386289
72717735
74480580
75087934
75082199
75088008
74480942
72717451
74381227
74480949
75082541
74386496
74381232
72717532
74480604
75082429
74481966
72357261
74480603
72357519
72353215
72356470
72353213
72356477
72356417
72356416
72356469
72356465
72356471
72356509
72356425
72356498
72356485
72356514
74385635
72356427
72353211
72356428
72356508
74387326
74385636
74387312
72356422
74385705
74385690
74385704
74387343
72356435
72356434
74385626
74387344
74387337
74385688
74387357
74387368
74387347
74387372
74385700
72356455
74385691
74385701
74484554
74387398
74387388
74385697
74387356
74484525
74484529
74484532
74385682
74387400
74387376
72353414
74484548
74484702
74484703
74484530
74484714
74484544
74484713
74484541
74484697
74484722
74484716
74484708
74484542
74484685
74385654
74484687
74484679
74484717
74484728
74484736
74484749
74385648
74487511
74487503
74484732
74484470
74385657
74484739
74487500
74484509
74487489
72353416
74487463
74484497
74484547
72356460
72356442
74385702
74487464
74487502
74484504
74484459
74484510
74484506
74484507
74487469
74484520
72353417
74385703
72356501
72356445
74487480
74385708
72356452
74387405
74385612
72356506
74484465
74487472
74385624
74484480
74487471
74487507
74487457
74487460
74484512
74487487
74484670
74484482
74487461
74484490
74484668
72356451
74487473
74484484
74487514
74484492
74484473
74487497
74484521
74484519
74484498
72353209
72356420
72356476
72356481
72356502
72356494
74385631
74385673
74385622
74387322
74385710
74385707
74385638
72356492
74387315
74387327
72356432
74385666
74385683
72356436
74387341
74387353
74385663
72356493
72356438
74385616
74387339
74387340
74387365
74385693
74385665
74387393
74387346
74387377
74387348
74385695
74385698
74385643
74484553
74484526
74385671
74484543
74484700
74484696
74484657
74484721
74385651
74484676
74484660
74484677
74387360
74385642
74484538
74484463
74385647
74484678
74484457
74484742
74484464
74484662
74484665
74484478
74387358
72356474
74484689
72353415
74484479
74484669
74387355
74387404
74487465
74385658
74484709
74387395
74484517
74487459
74385686
74484725
74487505
72356475
72356480
72356464
72353216
74385617
72356419
74385633
74385675
74387319
74385670
74385611
74387311
74385684
74387374
74387359
74387354
74387370
74385680
74385668
74387379
74387385
74385681
74484545
74385641
74387401
74484527
74484719
74484715
74484720
74484655
74484675
74484694
74484681
74484690
74484534
74484729
72353413
74484741
74484738
74484666
74484658
74484469
74484661
74487496
74484718
74484747
74385661
74484735
74484748
72356462
74487484
74387352
74484483
74487510
74487467
72356456
74484501
72356459
74484673
74487508
74484511
72356446
74385662
74387407
74487479
74385659
72356447
74487488
74484528
72356479
72356503
74385627
72356484
72353217
72356421
74385615
74385676
72356487
72356430
74387320
72356490
74387328
72356491
74387334
72356454
74385669
74387366
74385687
72356433
74387345
72356439
72356431
74387364
74385664
74387332
74387350
74385699
74385692
74387378
74387367
72353214
74387389
74387384
74387361
74484531
74385655
74484549
74385660
74484552
74484686
74484707
74484693
74484659
74484740
74484743
74484663
74484727
74484737
74484746
74487509
74484730
74484533
74385678
74484472
74387402
74484489
72356513
72356499
74484508
72356444
74385653
74484458
72356449
74484503
74484471
74484454
72353418
74487468
74487466
72356450
74385637
74484499
72356448
74484460
74484486
74387403
74484481
74487517
74385679
74385706
72353210
72356466
74385618
72356511
72356504
74385640
74385620
72356507
72356495
74387325
74387338
74387336
74385709
74387316
74385689
74385685
74387362
74387383
74385667
74387373
74387381
74387390
74387349
74484535
74484701
74484710
74484540
74385613
74484691
74484734
74484733
74484546
74484539
74484745
74385696
74484752
74385628
74484494
74487470
74487478
74487491
74487515
74484461
74484500
74487477
72356441
74484476
74484496
72356463
72356414
74487504
74487474
74484523
74487516
74484684
74484505
74484477
74487485
74487493
74387408
74484493
72356472
72356467
72356478
72356505
72356496
74385625
72356426
74385623
72356500
72356497
72356415
72356468
72356486
72356489
74385639
74385677
74387363
74387333
74387371
74387410
74387317
74385652
74387380
74387394
74387375
74484680
74484699
74484705
74387399
74484656
74484692
74484682
74484726
74385656
72353218
74484753
74484456
74484754
74484474
74487495
74484671
74484475
72353212
74487519
74487492
74387323
74487476
74484462
74484502
74487458
74487518
74487499
72356461
74487486
74484488
74487462
74484712
72356473
74487481
74385650
74484522
74387324
74487512
74487475
74487494
74484667
72356482
72356423
72356510
74385674
74385629
74385619
74385672
74385634
72356483
72356424
74385621
74385614
72356429
74387321
74387314
74387329
74387331
74387330
74387335
74387342
72356437
74385694
74387369
74387313
74387351
74387386
74387382
74387397
74387396
74387391
74484551
74385644
74387392
74484550
74484704
74484536
74484698
74484695
74484711
74484688
74385649
74387409
74487520
74387387
74484664
74484537
74484744
74484467
74385645
74385646
74484731
74487501
74484524
74484674
72356458
74487498
72356443
74487482
74484495
72356488
74487513
74484491
74484487
72356440
74387318
72356453
74484468
74484485
74487490
74484683
74387406
72356457
74484672
74484706
74487483
74484466
74487521
74487506
72353291
74384581
74384522
74384564
74384586
74484564
74484565
74484559
74384567
74384562
74384609
74484563
74484566
74484568
74484591
74484620
74484615
74484618
74484619
74484608
74484629
74484639
74484604
74484603
74484583
74484593
74484628
74484633
74384610
74384569
74384557
74384566
74384535
74384558
74384524
74384579
74484573
74484614
74484610
74484638
72353424
74484578
74484580
74484607
72353289
74384559
74384573
74384571
74384584
72353294
72353297
74384576
74384565
74484556
74484621
74484622
74484617
74484624
74484605
74484575
74384549
74484589
74484592
74484630
74484627
72353427
74384575
74384570
74384599
74384525
74484555
74484606
74484585
74484590
74484611
74484637
74484612
74484626
74484581
72353292
74384561
72353295
72353293
74384583
74384537
74384540
74484557
74384578
74484569
74484562
74484570
74484567
74484574
74484586
74484587
74484594
74484623
74484635
74484584
74484576
74484634
74384568
74384585
72353296
74484560
74484558
74484572
74484571
74484561
74484588
74484582
74484636
74484632
74484579
74384574
74384587
74384577
74384580
72353298
74384582
74384523
74384545
74384572
72353290
72353423
74484616
74484609
74484625
74484577
74484613
72353425
72353240
74385011
74385015
74385016
74385047
74385050
74385048
74385046
74385038
74385022
74385025
74385028
74385059
74385035
74385044
74385049
74385023
74385042
74385033
74385012
74385034
74385014
74385018
72353239
74385019
72385029
74385060
74385051
74385057
74385030
74385052
74385027
74385031
74385062
74385024
74385017
74385040
74385039
74385053
74385054
74385026
74385041
74385021
74385037
74385045
74385061
74385058
74385056
74385055
74385032
74385020
74385013
74385036
74385043
72353333
72353338
72353332
72353339
72353331
72353334
72353336
72353330
72353335
72353337
74385711
72318826
72162929
72300079