 No action Msisdns are as :: 
 72451391, 
72463178, 
74480549, 
72463189, 
74384692, 
74480526, 
72463094, 
74384695, 
72463198, 
72463199, 
72451337, 
75012995, 
74384687, 
72463194, 
72353307, 
72463205, 
74480519, 
72462822, 
74480508, 
74480506, 
72453054, 
72463201, 
75012996, 
74480542, 
74480548, 
72451387, 
74384514, 
72462869, 
72462668, 
74384705, 
74384517, 
74480531, 
72463458, 
72453048, 
72451330, 
72451394, 
74480518, 
72462868, 
74384518, 
74384622, 
72451452, 
74384689, 
72451445, 
72453017, 
72451454, 
72463181, 
74480550, 
72462675, 
74480455, 
74480478, 
72463179, 
72463202, 
74480538, 
72463571, 
74386701, 
74386659, 
74386644, 
74386705, 
72455359, 
74386940, 
74387018, 
74387107, 
74387049, 
74387092, 
74387009, 
74387073, 
74387032, 
74387052, 
74387017, 
72455368, 
74387067, 
74386936, 
74387084, 
74387070, 
72354819, 
74387057, 
74387022, 
74387024, 
72354874, 
74387059, 
72352857, 
74387033, 
74387055, 
74387093, 
74387064, 
74387069, 
74387027, 
74387007, 
74387029, 
74387004, 
74387083, 
74386621, 
72352855, 
74386980, 
74387035, 
72352854, 
74387045, 
74387037, 
74387050, 
74387053, 
74387082, 
74387043, 
74387091, 
74386876, 
74387063, 
74387090, 
74387078, 
74387076, 
74387087, 
74387074, 
74387089, 
74387006, 
74387047, 
74386676, 
74386804, 
72455358, 
74387008, 
74387039, 
74387079, 
74387042, 
74386839, 
74387054, 
72354856, 
74387034, 
74387071, 
74387051, 
74387013, 
74387026, 
74387060, 
72354835, 
74386780, 
74386771, 
74387085, 
72354858, 
74387077, 
74387020, 
74387081, 
74387068, 
74387025, 
74386937, 
74387019, 
74387016, 
74387056, 
74387041, 
74387005, 
74386789, 
74387080, 
74387058, 
74387021, 
74387048, 
74387065, 
74386957, 
74387038, 
74386960, 
74387036, 
74386958, 
74387010, 
72354828, 
74387028, 
74387086, 
72354857, 
74386724, 
74387094, 
74387062, 
74386938, 
72455416, 
74387044, 
74387031, 
74386953, 
74387014, 
74387108, 
74386902, 
72354945, 
74387015, 
74387012, 
74387109, 
74387030, 
74386843, 
74286830, 
74387088, 
74386857, 
72354870, 
74387046, 
74387011, 
74387072, 
74387075, 
72354844, 
74387023, 
74387066, 
74386901, 
72457294, 
75085756, 
72457277, 
75085762, 
75085787, 
75085758, 
75085790, 
75085797, 
75085761, 
75085836, 
72457231, 
75085794, 
75085798, 
75085760, 
75085772, 
75085791, 
75085841, 
75085796, 
72457283, 
75085776, 
75085800, 
75085757, 
75085789, 
75085804, 
75085799, 
75085759, 
75085792, 
72457049, 
75085784, 
75013097, 
75085788, 
74382028, 
74382448, 
72353097, 
74382022, 
72354116, 
74382141, 
72354128, 
72352834, 
74382142, 
74382090, 
74382089, 
74382080, 
72354188, 
74382029, 
72354161, 
74382079, 
72354193, 
74382497, 
72353093, 
74382086, 
74382081, 
74382068, 
72354102, 
72354187, 
72353007, 
74382137, 
74382067, 
72353100, 
74382082, 
72354107, 
74382031, 
72353104, 
72353101, 
72354118, 
74382077, 
74382138, 
72354186, 
74382023, 
72354121, 
72354170, 
72353085, 
72354171, 
74382498, 
74382024, 
72354189, 
72354108, 
74382088, 
74382065, 
74382134, 
74382026, 
74382076, 
72353086, 
74382453, 
72354114, 
72354131, 
72353092, 
72354190, 
74382135, 
72353096, 
72354123, 
72354105, 
74382078, 
72353090, 
72354103, 
72354162, 
74382032, 
72353099, 
74382027, 
72353087, 
74382308, 
72354106, 
72354154, 
74382066, 
72354166, 
72353098, 
74382087, 
74382140, 
72353088, 
72354165, 
74382085, 
72353103, 
74382143, 
72354191, 
74382461, 
74382302, 
72353102, 
74382083, 
74382084, 
74382139, 
72354122, 
74382455, 
72354192, 
74382136, 
72353089, 
72354158, 
72354115, 
74382025, 
75085687, 
75085686, 
75085707, 
75085712, 
75085694, 
75085657, 
75085704, 
75085658, 
75085662, 
75085677, 
75085715, 
75085696, 
75085659, 
75085688, 
75085661, 
75085684, 
75013230, 
75085711, 
75085683, 
75085716, 
75085689, 
75085660, 
75085708, 
75085664, 
75085656, 
75085691, 
75085714, 
75085675, 
75085690, 
75085681, 
75085713, 
75085710, 
75085685, 
75085706, 
75085663, 
75085655, 
75085693, 
75085697, 
75085692, 
72000001, 
72103360, 
72000000, 
72000004, 
72404056, 
72959595, 
72101914, 
72352803, 
72353573, 
72353824, 
72383823, 
72383845, 
72353810, 
72383808, 
72353821, 
72353801, 
72353813, 
72353850, 
72353853, 
72383876, 
72353848, 
72353811, 
72383899, 
72383884, 
74683898, 
72353807, 
72383837, 
72353868, 
74581044, 
74381462, 
74581053, 
74681048, 
74381052, 
74681003, 
74381020, 
74381036, 
74581037, 
74381060, 
74581063, 
74581038, 
74381451, 
74381039, 
74581057, 
74681290, 
74681261, 
74381257, 
74581080, 
74381293, 
74681282, 
74381381, 
74381262, 
74381478, 
74381300, 
74681273, 
74381267, 
74381255, 
74381385, 
74381352, 
74581141, 
74681138, 
74381387, 
74381145, 
74381083, 
74381147, 
74381392, 
74381488, 
74581135, 
74381390, 
74381496, 
74581098, 
74581099, 
74581112, 
74581143, 
72357443, 
74581123, 
74381131, 
74381149, 
74581094, 
74381100, 
74381104, 
74381121, 
74381122, 
74381124, 
74581137, 
74581139, 
72357289, 
72357436, 
72357437, 
74381180, 
74381179, 
74381153, 
74581174, 
74381164, 
74381075, 
72357295, 
72357466, 
74581199, 
74381161, 
74381214, 
74381215, 
74386119, 
74381230, 
74581200, 
74381296, 
74386362, 
74581193, 
74381195, 
74381203, 
72353579, 
72357389, 
74688837, 
74388556, 
72357352, 
74388563, 
74381198, 
74388835, 
74388880, 
74388847, 
74388859, 
74688863, 
72357475, 
74388568, 
74388816, 
74388851, 
74388839, 
74480727, 
74388785, 
74388554, 
74581205, 
74388867, 
74481269, 
74481207, 
74388575, 
74480856, 
74388578, 
74388579, 
74481258, 
74581250, 
74481267, 
74480607, 
74481255, 
74581266, 
74481241, 
74481235, 
74581227, 
74481291, 
74481233, 
74581287, 
74388898, 
74581289, 
74581231, 
74581274, 
74481222, 
74581245, 
74581244, 
74480731, 
74481224, 
74581275, 
74681301, 
74581300, 
74581295, 
74481308, 
74480879, 
74581296, 
74480882, 
74481433, 
74480652, 
74388576, 
74388605, 
74481427, 
74482009, 
74481356, 
74480644, 
72423516, 
74388588, 
74480645, 
74388744, 
74388607, 
72427935, 
72424416, 
72423709, 
74388614, 
72427793, 
72423915, 
72427944, 
72424163, 
74388631, 
72427802, 
72429857, 
75082156, 
74388624, 
74388620, 
75082567, 
75082158, 
75087979, 
74480629, 
74388644, 
74386154, 
74388639, 
75088180, 
75082646, 
72715719, 
72715748, 
75088371, 
72715541, 
75088383, 
72715869, 
72735752, 
72717366, 
72735509, 
72735632, 
72735636, 
72717429, 
75082550, 
75082406, 
75087944, 
72715784, 
75082427, 
74386294, 
74480758, 
72715751, 
72717892, 
72429900, 
72715819, 
72357377, 
74480598, 
72717467, 
74480745, 
74386288, 
72717829, 
75082548, 
74480775, 
74481384, 
74386498, 
74388571, 
72429367, 
74386313, 
75082425, 
74480579, 
74481375, 
74388706, 
74386311, 
74386482, 
74386273, 
75088111, 
72717470, 
72715480, 
74381067, 
75082453, 
75082435, 
72718365, 
72717669, 
72357431, 
74480835, 
74381413, 
74481956, 
74481959, 
74381403, 
72428492, 
74381345, 
75082443, 
75082408, 
74481424, 
74386556, 
74381331, 
75088010, 
75082192, 
74381233, 
72715361, 
72427763, 
72429444, 
72717894, 
74480760, 
72429323, 
72717926, 
75082173, 
75082441, 
72357360, 
74388503, 
72357497, 
72357260, 
74386279, 
74381342, 
72428598, 
74381236, 
74386287, 
72718160, 
72357521, 
72717918, 
75082230, 
72718034, 
75087945, 
74381152, 
74482035, 
74386319, 
75082409, 
72718409, 
72717999, 
72717890, 
74381323, 
74480755, 
72717553, 
74386317, 
74480749, 
74386281, 
75087942, 
72357500, 
75082417, 
72735747, 
72715842, 
72718025, 
74480873, 
74481964, 
74480654, 
75087939, 
74481973, 
74386583, 
74386438, 
74480849, 
72357357, 
72357526, 
74388817, 
75082540, 
74386265, 
72717877, 
75082197, 
72718270, 
72717565, 
72429688, 
74388597, 
72735671, 
74388506, 
74480768, 
72357264, 
75082594, 
72718232, 
72357359, 
74481367, 
72718492, 
74388573, 
75082597, 
72718465, 
72715747, 
74388780, 
74480587, 
74480909, 
75088329, 
72735631, 
72715749, 
74480870, 
74481974, 
72428634, 
74480583, 
72735798, 
75082188, 
74386267, 
75082575, 
72715605, 
74481969, 
72715577, 
75082598, 
72717742, 
72357417, 
72428149, 
74480708, 
75087951, 
75082552, 
72428544, 
74480938, 
72357486, 
72715769, 
74386272, 
74386247, 
74481990, 
72715381, 
72717682, 
75082424, 
74480784, 
74480591, 
74480761, 
72894998, 
75082428, 
74480747, 
72718281, 
72717701, 
75480945, 
75082576, 
72353583, 
72718238, 
75082423, 
74381439, 
72430129, 
74386138, 
72357267, 
74381410, 
74480910, 
75082579, 
72430141, 
72428345, 
72715342, 
72717818, 
72717455, 
72717951, 
74386295, 
72735870, 
74381071, 
74381350, 
72735684, 
74480779, 
75088332, 
72718130, 
74481392, 
75088274, 
72717953, 
72715345, 
72715764, 
72717672, 
72717687, 
72424267, 
74481962, 
75088110, 
75082177, 
74481984, 
74381231, 
72428532, 
72718285, 
74386593, 
75088106, 
74386444, 
74480765, 
74381332, 
72717439, 
72718502, 
72715830, 
75082465, 
74386315, 
72735976, 
72717867, 
72717659, 
75087949, 
74386414, 
72718062, 
74480766, 
74481268, 
75082436, 
74480584, 
72357262, 
72428933, 
74480928, 
72717529, 
72717802, 
75088103, 
74386269, 
72718069, 
72718356, 
72828863, 
75082448, 
75082623, 
74381407, 
72717747, 
72718230, 
74388893, 
75082578, 
72718517, 
72717985, 
72735672, 
75082433, 
74480752, 
75088357, 
72357266, 
75082239, 
74388533, 
72717910, 
74381229, 
72429054, 
74480757, 
74480582, 
75082303, 
75082432, 
74482038, 
72383809, 
72353825, 
72353827, 
72383847, 
72353872, 
72383815, 
72353849, 
72353851, 
72353863, 
72353896, 
72353895, 
72383866, 
74381456, 
74381045, 
74381452, 
74381016, 
72353887, 
74581055, 
74381021, 
74381041, 
74581065, 
74381033, 
74381009, 
74381040, 
74381024, 
74381025, 
74381393, 
74381489, 
74381480, 
74381289, 
74381268, 
74381468, 
74681277, 
74381253, 
74381088, 
74381087, 
74581102, 
74381356, 
74581130, 
74681148, 
74381111, 
74381132, 
74581144, 
72357348, 
72357394, 
72357456, 
74381076, 
72357494, 
72357380, 
74381183, 
72357392, 
74381213, 
72357391, 
74386193, 
74388558, 
74388832, 
74688855, 
74388823, 
74388577, 
74681270, 
74581212, 
74581260, 
74581228, 
74481242, 
74581284, 
74581303, 
74480558, 
74480733, 
74480862, 
74482006, 
74480673, 
74481362, 
74481431, 
74480620, 
74388603, 
74481432, 
74480636, 
72428107, 
74388613, 
72423899, 
72426894, 
74481441, 
72426632, 
72427974, 
72427871, 
72427912, 
75082614, 
74388565, 
74388628, 
74481391, 
75088358, 
74388637, 
74388638, 
74388632, 
75088344, 
72715525, 
72715866, 
72715743, 
72715533, 
72715865, 
72715339, 
75088367, 
74386231, 
74481985, 
72715578, 
75082181, 
72717574, 
74481215, 
74481979, 
74381228, 
72718248, 
74481987, 
75082440, 
74386117, 
75087974, 
74480866, 
74386607, 
75082589, 
75087935, 
75087966, 
74480596, 
72715364, 
74386387, 
74480906, 
72429626, 
74386298, 
72715354, 
72718146, 
72717967, 
74388529, 
74480805, 
74381338, 
72718231, 
72717749, 
72717842, 
72428520, 
72717572, 
74481214, 
72357410, 
74481978, 
72735676, 
74388467, 
74481983, 
72717584, 
74480748, 
74386543, 
72429131, 
74388465, 
75088248, 
75088012, 
74480875, 
75082439, 
74386290, 
74388913, 
72718354, 
74381437, 
74388825, 
72738515, 
74480813, 
72718514, 
72718396, 
72428508, 
74482041, 
72718006, 
72718057, 
74481439, 
72718194, 
72429841, 
72357272, 
74381443, 
75088264, 
72357353, 
74386300, 
72718260, 
72426736, 
75088145, 
74386308, 
75082182, 
72717688, 
72353798, 
74480586, 
74388512, 
74381222, 
74381069, 
74386445, 
72717623, 
75082421, 
72717990, 
72428551, 
75082430, 
72424811, 
74386601, 
72717546, 
75082245, 
72715353, 
72715752, 
75082447, 
74386439, 
74381072, 
74386493, 
74386599, 
72718391, 
74480764, 
72718343, 
72717671, 
74480593, 
72717998, 
72717873, 
72715472, 
72718246, 
72894854, 
72357265, 
74386505, 
72357263, 
72735920, 
72718108, 
72735906, 
75088353, 
72717882, 
72717933, 
74386307, 
72715817, 
72715343, 
72718063, 
72718337, 
72715774, 
74381240, 
75082600, 
74480602, 
72429725, 
72357269, 
75088109, 
72718344, 
72717336, 
72353830, 
72353877, 
72353804, 
72353894, 
72353839, 
72383856, 
72353893, 
72353826, 
72353838, 
72383880, 
74381466, 
74381006, 
74381011, 
74381458, 
74581004, 
74581019, 
74581046, 
74381281, 
74381278, 
74381470, 
74381467, 
74381259, 
74381279, 
74381394, 
74381089, 
74381092, 
74381146, 
74581093, 
74381391, 
74381142, 
74381109, 
74381119, 
74381101, 
74381108, 
74381493, 
74581163, 
72353278, 
74381188, 
74581170, 
74386359, 
74381181, 
74381212, 
74381201, 
74381204, 
74386221, 
74688838, 
72357365, 
74388559, 
74688834, 
74388755, 
72357366, 
74388850, 
74388469, 
74388844, 
74581220, 
74480728, 
74480817, 
74480729, 
74386167, 
74481251, 
74481262, 
74581277, 
74481234, 
74581230, 
74581243, 
74581239, 
74481237, 
74480611, 
74388557, 
74480876, 
74388601, 
74388600, 
74386248, 
74581279, 
74381238, 
74481437, 
72427952, 
72424646, 
74481451, 
74388606, 
72427788, 
74388596, 
72427887, 
74388619, 
74388629, 
75082633, 
75082603, 
75082168, 
74388625, 
75088225, 
74388630, 
75082642, 
75082282, 
72735516, 
72715514, 
72735761, 
72717731, 
72715498, 
72735858, 
72715856, 
72715531, 
72735600, 
72715539, 
72735517, 
72735518, 
72715728, 
72715375, 
72717563, 
74386381, 
75088169, 
74480594, 
75082193, 
72718141, 
72718068, 
72357473, 
74386296, 
75087958, 
72718041, 
74481982, 
75082238, 
74388784, 
74481965, 
74386430, 
74480855, 
75082542, 
74480738, 
72357364, 
74381449, 
72429049, 
75082155, 
75082213, 
75088307, 
74386492, 
75082596, 
74480869, 
74480663, 
75082304, 
74388622, 
74386270, 
74386219, 
72357524, 
75088304, 
72428522, 
72428548, 
72717757, 
74386314, 
72427902, 
75088119, 
74480736, 
72717540, 
72717552, 
72717987, 
72429543, 
74480782, 
72428533, 
75082229, 
74381343, 
72428617, 
72428250, 
72718185, 
74386324, 
74470778, 
72429998, 
74482015, 
72717880, 
74480568, 
74480885, 
74386494, 
72717697, 
74386507, 
72717855, 
72718005, 
75082568, 
74386291, 
74481957, 
72715696, 
72424915, 
72735784, 
75087947, 
72718283, 
72717923, 
72718106, 
72357271, 
75082592, 
72717543, 
75082189, 
74480907, 
74480578, 
72718234, 
75088139, 
72429957, 
72357270, 
74480734, 
75082412, 
72715482, 
72717692, 
74386503, 
72357420, 
72715832, 
74480940, 
72735597, 
74480585, 
72429010, 
72717695, 
72715613, 
74386600, 
75088146, 
74386340, 
74381291, 
72428777, 
72717911, 
75088143, 
72718336, 
75082451, 
74381334, 
75082534, 
75082422, 
72717949, 
72715380, 
72735902, 
75088370, 
74388778, 
74481366, 
72429772, 
75082450, 
74480589, 
74480756, 
74386335, 
74381314, 
74388921, 
72717677, 
72718104, 
72718493, 
72717838, 
74381330, 
72383829, 
72383874, 
72353819, 
72353836, 
72353831, 
72353846, 
72383833, 
72353842, 
72383843, 
72353852, 
72353864, 
72353871, 
72383890, 
72353878, 
74381064, 
74581051, 
74381464, 
74381029, 
74381032, 
74581054, 
74581013, 
74381030, 
74581027, 
74681050, 
74381026, 
74381034, 
74381031, 
74581049, 
74381482, 
74381297, 
74381263, 
74381294, 
74681288, 
74381285, 
74381079, 
74381483, 
74381286, 
74381265, 
74381258, 
74581106, 
74381085, 
74381355, 
74381103, 
74581120, 
74381134, 
74381353, 
74381116, 
74381126, 
74381136, 
74381369, 
74581173, 
74381176, 
74581166, 
72357462, 
74581154, 
74681165, 
72357393, 
74581197, 
74381216, 
74681284, 
74381189, 
74581186, 
74381209, 
74381202, 
74386118, 
72357386, 
72357371, 
72357388, 
74388555, 
74381320, 
74688836, 
74388566, 
72357351, 
74388564, 
74388845, 
74688858, 
74388862, 
74388572, 
74388852, 
74688856, 
74581219, 
74481218, 
72353340, 
74480726, 
74480725, 
74388868, 
74388871, 
74388873, 
74681213, 
74581211, 
74481259, 
74581264, 
74481265, 
74388580, 
74388894, 
74386258, 
74581283, 
74388941, 
74581299, 
74581305, 
74388933, 
74581298, 
74388587, 
74480704, 
74481343, 
74482013, 
74481371, 
74480646, 
74388592, 
72424559, 
74388692, 
75082157, 
72427883, 
74388608, 
75082625, 
74388647, 
75088206, 
72715740, 
72715534, 
72735510, 
72735511, 
72735640, 
72735975, 
72735504, 
72715745, 
72735646, 
72715731, 
72715732, 
74386266, 
74480735, 
72717780, 
74381237, 
74386495, 
74386506, 
75088022, 
72717562, 
74480854, 
72735725, 
74480769, 
72429415, 
74386572, 
74381226, 
72735751, 
72428484, 
75082449, 
74381321, 
72715758, 
75082187, 
75082445, 
72357274, 
74386306, 
72426433, 
72715800, 
72357349, 
72717555, 
74381318, 
72718156, 
74386304, 
72718279, 
72357333, 
72357523, 
72357522, 
74381415, 
74381292, 
72717940, 
74386276, 
72717756, 
74388466, 
72429233, 
75082536, 
75480944, 
74480908, 
74482016, 
72357413, 
72715787, 
74481404, 
72717863, 
74386604, 
74381340, 
75088117, 
75082407, 
72715615, 
74388824, 
72715485, 
74386264, 
74482010, 
72717714, 
72718269, 
74386598, 
74386282, 
74386443, 
75082587, 
74381211, 
74386504, 
74082244, 
75082555, 
74482032, 
75082476, 
74386501, 
72717921, 
72428949, 
74386610, 
75082571, 
72718126, 
74480828, 
72718225, 
74482036, 
72715484, 
72715785, 
74388470, 
72428615, 
75082452, 
72357246, 
74381160, 
72715365, 
72718411, 
74388609, 
75082411, 
75082595, 
74481977, 
75082405, 
72357259, 
75082222, 
75082233, 
75088113, 
72717844, 
74386323, 
74381234, 
74481968, 
74386320, 
75082201, 
72718114, 
74480576, 
75088144, 
74480753, 
74386318, 
74480763, 
75082446, 
75088149, 
74388510, 
72357341, 
75082419, 
74480599, 
75082191, 
72717772, 
75088114, 
72357362, 
74480783, 
72429002, 
72718065, 
72717440, 
72715606, 
74388569, 
75088301, 
72718367, 
74480778, 
72715607, 
72735866, 
74480874, 
72717889, 
72357288, 
72715494, 
72735742, 
72718272, 
74381070, 
74481229, 
72717891, 
75082416, 
74480853, 
72357423, 
72717758, 
72383816, 
72383861, 
72353814, 
72353802, 
72383859, 
72353867, 
72383888, 
72353854, 
72353855, 
72353875, 
72383879, 
72353881, 
74381010, 
74381023, 
74581061, 
74381047, 
74381450, 
74381476, 
74381386, 
74381383, 
74681275, 
74381269, 
74381264, 
74381397, 
74681266, 
74381471, 
74481309, 
72353572, 
74381354, 
74581133, 
74581107, 
74381359, 
74581150, 
72357234, 
72352809, 
74581168, 
74381177, 
74381175, 
74381171, 
74381167, 
74581190, 
74381217, 
74386410, 
72357384, 
74381182, 
74581187, 
72357495, 
74581185, 
74381194, 
74381207, 
74381205, 
74388840, 
74388570, 
74388841, 
74388872, 
72353358, 
74388875, 
74581208, 
74386230, 
74481210, 
74481209, 
74581261, 
74581254, 
74480730, 
74481272, 
74386363, 
74581273, 
74481253, 
74388561, 
74388581, 
74481293, 
74581236, 
74581302, 
74481430, 
74482005, 
74388602, 
72427689, 
72427850, 
74481440, 
74481446, 
72426835, 
74388612, 
74388634, 
74386129, 
75088211, 
72735493, 
72735512, 
72715738, 
72735665, 
74381418, 
75082444, 
74480935, 
75082593, 
74480867, 
74480575, 
74386502, 
72428596, 
74480577, 
75082179, 
74480751, 
74481981, 
72718151, 
72735896, 
72357501, 
72718348, 
74388808, 
74480592, 
72715464, 
72357498, 
74386603, 
75082190, 
72429084, 
72718217, 
72357518, 
72735865, 
74386283, 
72717929, 
74481971, 
74480948, 
72428608, 
74388804, 
72715750, 
72717823, 
72357499, 
72428993, 
75082228, 
74480737, 
74381239, 
72715474, 
74481980, 
72429140, 
75082414, 
72357258, 
74481955, 
74480762, 
72430152, 
72735748, 
72357312, 
72717711, 
74386120, 
75088342, 
72715641, 
74388715, 
75082186, 
72717767, 
72429120, 
75082175, 
72718369, 
74480588, 
75088115, 
72717550, 
74386322, 
75082254, 
74386419, 
72430322, 
75088121, 
74482042, 
74381441, 
72428490, 
72717437, 
72717670, 
74386274, 
72718363, 
75088147, 
72735588, 
74381068, 
75082437, 
75082554, 
74480741, 
72429830, 
74480742, 
72718024, 
72424519, 
75087941, 
75082413, 
72357257, 
74480732, 
72718380, 
74480750, 
74480744, 
72429675, 
72715693, 
74386325, 
72429065, 
72735993, 
75082426, 
72357514, 
74481963, 
72717955, 
72429014, 
72357256, 
74381409, 
72718362, 
72715341, 
75087950, 
75082183, 
72735796, 
72717561, 
75088108, 
75088105, 
72735793, 
72718370, 
72429791, 
72715621, 
74386368, 
74388635, 
72429129, 
74386441, 
72715687, 
74388646, 
75082553, 
74480872, 
72424496, 
74480746, 
72717761, 
75082166, 
72429080, 
75082537, 
72715460, 
75082420, 
74480595, 
72352811, 
72383820, 
72353822, 
72353840, 
72353841, 
72353844, 
72353835, 
72383803, 
72353828, 
72383857, 
72383860, 
72383889, 
72383817, 
72353832, 
72353858, 
72383897, 
72353886, 
72353885, 
72383818, 
74381457, 
74381035, 
74381028, 
74581056, 
74381007, 
74381043, 
74381001, 
74381005, 
74581008, 
74381012, 
74381062, 
74681042, 
74381058, 
74381479, 
74381298, 
74381295, 
74381310, 
74381287, 
74381484, 
74381280, 
74381388, 
74681283, 
74381272, 
74381260, 
74381081, 
72357442, 
74381086, 
74581084, 
74381082, 
74581091, 
74381140, 
74381105, 
74381113, 
74381114, 
74581129, 
74581127, 
74381347, 
74581128, 
72357452, 
72357291, 
74381172, 
72357467, 
74386349, 
72357444, 
74381156, 
72357385, 
74381162, 
72357379, 
74381159, 
74581192, 
74381196, 
74581191, 
74381210, 
74381206, 
74681225, 
74381208, 
72357375, 
74388803, 
74388560, 
74388562, 
72357355, 
74688846, 
74388459, 
74388493, 
74388599, 
74388883, 
74481217, 
74581246, 
74481248, 
74581281, 
74481278, 
74581252, 
74681294, 
74481292, 
74581288, 
74581238, 
74581226, 
74581240, 
74481225, 
74581280, 
74581286, 
74388522, 
74481321, 
74388585, 
74480881, 
74388584, 
74481348, 
74481411, 
74386250, 
74388593, 
74480623, 
74386235, 
74481351, 
72427817, 
72423642, 
72428207, 
74481450, 
74388616, 
72430329, 
74388648, 
72429868, 
75082624, 
74388636, 
75082160, 
74388633, 
75082482, 
75082220, 
72715746, 
75088282, 
72715863, 
72715497, 
75088386, 
72353315, 
72357513, 
75088140, 
72357520, 
75082231, 
74481970, 
72717705, 
74386510, 
72718188, 
72429996, 
72353284, 
75082418, 
72717462, 
72718240, 
75082583, 
72718273, 
72717980, 
72715803, 
74386609, 
74388793, 
74381335, 
74386571, 
74481967, 
74480946, 
72715786, 
72735913, 
75082494, 
74482044, 
72357503, 
72735842, 
75082442, 
74481249, 
72715727, 
75082599, 
72357231, 
74481445, 
72718406, 
74388464, 
75088107, 
75082455, 
72715457, 
74481323, 
75082184, 
74481961, 
74381235, 
72718368, 
75082174, 
72429811, 
72718515, 
72427713, 
72718461, 
74386261, 
72429015, 
72429687, 
72428224, 
72715372, 
74386497, 
72717909, 
75082438, 
74480566, 
74480767, 
74480851, 
75082582, 
75087948, 
74386602, 
72717743, 
75082251, 
72715776, 
74386321, 
72715491, 
75082643, 
72717839, 
72717957, 
74386125, 
74480759, 
72718152, 
74482040, 
74386293, 
74388492, 
74480776, 
72715473, 
74386312, 
72717859, 
72353586, 
74386440, 
74386275, 
72428906, 
72735697, 
75082431, 
75082162, 
75082200, 
75082601, 
75088205, 
75082572, 
74381341, 
74386595, 
75082333, 
74386606, 
72735895, 
75087938, 
74481986, 
74381420, 
72717676, 
75088238, 
75087977, 
75082622, 
75088136, 
72715683, 
74480803, 
72717685, 
72735916, 
72717997, 
74386303, 
74481972, 
72718147, 
72715622, 
72715835, 
72718472, 
72735875, 
74480943, 
72717782, 
74371241, 
72718058, 
75082185, 
72429182, 
74481271, 
75082570, 
75082196, 
74386597, 
72357510, 
74480590, 
72718401, 
72715489, 
74480740, 
74480570, 
74482039, 
72717542, 
72717578, 
72717538, 
75082573, 
75082178, 
75082538, 
74388521, 
75082204, 
74386271, 
72715461, 
72715825, 
72717969, 
72735878, 
74482043, 
72357275, 
72352805, 
72428936, 
74386316, 
74386500, 
72383812, 
72353862, 
72353882, 
72383805, 
72383834, 
72353870, 
72383806, 
72353865, 
72353869, 
74381453, 
74381465, 
74381022, 
74581014, 
74581059, 
74581017, 
74381485, 
74381077, 
74381469, 
74381481, 
74381270, 
74581276, 
74381256, 
74381078, 
74581271, 
74381254, 
74581090, 
74381096, 
74581097, 
74381118, 
74381115, 
74581117, 
74381125, 
74381095, 
72357235, 
72357448, 
74381348, 
74581110, 
74581169, 
74581157, 
74381178, 
74381155, 
74381074, 
74381073, 
74381184, 
74386189, 
74388553, 
74388758, 
72357363, 
72357354, 
74688854, 
74388878, 
74388481, 
74388876, 
74388861, 
74388567, 
74481216, 
72353355, 
74688870, 
74388889, 
74581221, 
74386292, 
74481206, 
74481247, 
74581263, 
74581282, 
74581256, 
74481257, 
74388604, 
74481232, 
74581290, 
74481285, 
74581223, 
74581297, 
74481304, 
74681306, 
74481276, 
74481435, 
74386245, 
74388517, 
74388595, 
74480641, 
74481434, 
74481316, 
74481429, 
72427796, 
72427743, 
74388610, 
72427823, 
72429133, 
72427821, 
74388615, 
74388623, 
72429466, 
75082159, 
75088168, 
75088197, 
75088235, 
72735978, 
72736008, 
75088395, 
72735746, 
72357517, 
75082577, 
75082551, 
75082544, 
72718216, 
74386259, 
72718162, 
74381446, 
74481976, 
75088104, 
72357336, 
74388853, 
72424475, 
74481958, 
72718210, 
75087946, 
72357376, 
72718288, 
72430086, 
72715347, 
75087940, 
72717862, 
72428639, 
72717582, 
75088102, 
72718127, 
75082202, 
72735917, 
75088120, 
72735877, 
74480947, 
74386605, 
72430026, 
74480780, 
72715827, 
74386268, 
74388483, 
72715452, 
72718408, 
74480581, 
75088118, 
74480781, 
72715360, 
75082180, 
74480832, 
72717832, 
74386208, 
75082415, 
72718136, 
72428529, 
72429690, 
74482037, 
74481960, 
72428907, 
72428497, 
72715839, 
74386305, 
72357273, 
74480743, 
72718128, 
72735909, 
75082543, 
74386280, 
72357268, 
75082654, 
74389693, 
74388730, 
72718055, 
72427712, 
72715580, 
75082653, 
72717916, 
74480597, 
74386277, 
74480868, 
72357525, 
75082203, 
72718012, 
74480848, 
75088116, 
75087943, 
74386442, 
72718469, 
72428768, 
72717786, 
74481975, 
74381066, 
75082410, 
72717831, 
72738500, 
72428510, 
72357387, 
72357361, 
75088112, 
72718384, 
74386355, 
75082569, 
75082434, 
75082216, 
72718339, 
72426215, 
72735922, 
74480858, 
74480871, 
74386278, 
72718467, 
74480567, 
72715370, 
75082176, 
74480794, 
74481442, 
75082539, 
72735898, 
74386608, 
74480600, 
72718386, 
75082454, 
72718267, 
74386289, 
72717735, 
74480580, 
75087934, 
75082199, 
75088008, 
74480942, 
72717451, 
74381227, 
74480949, 
75082541, 
74386496, 
74381232, 
72717532, 
74480604, 
75082429, 
74481966, 
72357261, 
74480603, 
72357519, 
72356470, 
72356435, 
74484548, 
74484714, 
74484713, 
74484470, 
74487500, 
74484509, 
74487489, 
72353416, 
74487463, 
74484497, 
74484547, 
72356460, 
72356442, 
74385702, 
74487464, 
74487502, 
74484504, 
74484459, 
74484510, 
74484506, 
74484507, 
74487469, 
74484520, 
72353417, 
74385703, 
72356501, 
72356445, 
74487480, 
74385708, 
72356452, 
74387405, 
74385612, 
72356506, 
74484465, 
74487472, 
74385624, 
74484480, 
74487471, 
74487507, 
74487457, 
74487460, 
74484512, 
74487487, 
74484670, 
74484482, 
74487461, 
74484490, 
74484668, 
72356451, 
74487473, 
74484484, 
74487514, 
74484492, 
74484473, 
74487497, 
74484521, 
74484519, 
74484498, 
72356420, 
74484742, 
74484478, 
74387358, 
72356474, 
74484689, 
72353415, 
74484479, 
74484669, 
74387355, 
74387404, 
74487465, 
74385658, 
74484709, 
74387395, 
74484517, 
74487459, 
74385686, 
74484725, 
74487505, 
72356480, 
74385617, 
74385680, 
74484681, 
74484690, 
74484718, 
72356462, 
74487484, 
74387352, 
74484483, 
74487510, 
74487467, 
72356456, 
74484501, 
72356459, 
74484673, 
74487508, 
74484511, 
72356446, 
74385662, 
74387407, 
74487479, 
74385659, 
72356447, 
74487488, 
74484528, 
72356484, 
72356421, 
74484549, 
74484743, 
74484472, 
74387402, 
74484489, 
72356513, 
72356499, 
74484508, 
72356444, 
74385653, 
74484458, 
72356449, 
74484503, 
74484471, 
74484454, 
72353418, 
74487468, 
74487466, 
72356450, 
74385637, 
74484499, 
72356448, 
74484460, 
74484486, 
74387403, 
74484481, 
74487517, 
74385679, 
74385706, 
74484691, 
74484752, 
74385628, 
74484494, 
74487470, 
74487478, 
74487491, 
74487515, 
74484500, 
74487477, 
72356441, 
74484476, 
74484496, 
72356463, 
72356414, 
74487504, 
74487474, 
74484523, 
74487516, 
74484684, 
74484505, 
74484477, 
74487485, 
74487493, 
74387408, 
74484493, 
74484692, 
74484682, 
74484753, 
74487495, 
74484671, 
74484475, 
72353212, 
74487519, 
74487492, 
74387323, 
74487476, 
74484462, 
74484502, 
74487458, 
74487518, 
74487499, 
72356461, 
74487486, 
74484488, 
74487462, 
74484712, 
72356473, 
74487481, 
74385650, 
74484522, 
74387324, 
74487512, 
74487475, 
74487494, 
74484667, 
74387342, 
74484550, 
74484467, 
74484731, 
74487501, 
74484524, 
74484674, 
72356458, 
74487498, 
72356443, 
74487482, 
74484495, 
72356488, 
74487513, 
74484491, 
74484487, 
72356440, 
74387318, 
72356453, 
74484468, 
74484485, 
74487490, 
74484683, 
74387406, 
72356457, 
74484672, 
74484706, 
74487483, 
74484466, 
74487521, 
74487506, 
74384581, 
74384564, 
74384586, 
74484565, 
74484559, 
74384567, 
74384562, 
74384609, 
74484566, 
74484568, 
74484591, 
74484608, 
74484603, 
74484583, 
74484593, 
74384610, 
74384569, 
74384557, 
74384566, 
74384535, 
74384558, 
74384524, 
74484614, 
74484610, 
74484578, 
74484580, 
74484607, 
74384559, 
74384573, 
74384571, 
74384584, 
74384576, 
74384565, 
74484605, 
74484575, 
74484589, 
74484592, 
74484627, 
72353427, 
74384575, 
74384570, 
74384525, 
74484606, 
74484585, 
74484590, 
74484611, 
74484612, 
74484581, 
74384561, 
74384583, 
74384537, 
74384540, 
74384578, 
74484569, 
74484570, 
74484567, 
74484574, 
74484586, 
74484587, 
74484594, 
74484576, 
74384568, 
74384585, 
74484560, 
74484572, 
74484571, 
74484588, 
74484579, 
74384574, 
74384577, 
74384580, 
74384582, 
74384523, 
74384545, 
74384572, 
74484609, 
74484577, 
74484613, 
72353425, 
74385047, 
74385050, 
74385048, 
74385046, 
74385038, 
74385022, 
74385025, 
74385028, 
74385059, 
74385035, 
74385044, 
74385049, 
74385023, 
74385042, 
74385033, 
74385034, 
74385014, 
74385018, 
74385019, 
72385029, 
74385060, 
74385051, 
74385057, 
74385030, 
74385052, 
74385027, 
74385031, 
74385062, 
74385024, 
74385017, 
74385040, 
74385039, 
74385053, 
74385054, 
74385026, 
74385041, 
74385021, 
74385037, 
74385045, 
74385061, 
74385058, 
74385056, 
74385055, 
74385032, 
74385020, 
74385036, 
74385043, 
72353333, 
72353338, 
72353332, 
72353339, 
72353331, 
72353334, 
72353336, 
72353330, 
72353335, 
72353337, 
74385711, 
72318826, 
72162929, 
72300079, 
